{
 "cells": [
  {
   "cell_type": "code",
   "execution_count": 32,
   "metadata": {},
   "outputs": [],
   "source": [
    "from sklearn import cross_validation\n",
    "from sklearn.datasets import load_boston\n",
    "\n",
    "import pandas as pd\n",
    "import numpy as np\n",
    "\n",
    "from sklearn.linear_model import Ridge\n",
    "from sklearn.preprocessing import PolynomialFeatures\n",
    "from sklearn.linear_model import LinearRegression\n",
    "from sklearn.metrics import mean_squared_error\n",
    "\n",
    "import seaborn as sns\n",
    "%matplotlib inline\n",
    "\n",
    "import seaborn as sns\n",
    "import matplotlib.pyplot as plt"
   ]
  },
  {
   "cell_type": "code",
   "execution_count": 34,
   "metadata": {
    "collapsed": true
   },
   "outputs": [],
   "source": [
    "sala= pd.read_csv('/Users/suzukishinji/Downloads/baseballdatabank-2017.1/core/Salaries.csv')\n",
    "batt= pd.read_csv('/Users/suzukishinji/Downloads/baseballdatabank-2017.1/core/Batting.csv')\n",
    "pitc= pd.read_csv('/Users/suzukishinji/Downloads/baseballdatabank-2017.1/core/Pitching.csv')\n",
    "master= pd.read_csv('/Users/suzukishinji/Downloads/baseballdatabank-2017.1/core/Master.csv')"
   ]
  },
  {
   "cell_type": "code",
   "execution_count": 40,
   "metadata": {},
   "outputs": [
    {
     "data": {
      "text/html": [
       "<div>\n",
       "<style>\n",
       "    .dataframe thead tr:only-child th {\n",
       "        text-align: right;\n",
       "    }\n",
       "\n",
       "    .dataframe thead th {\n",
       "        text-align: left;\n",
       "    }\n",
       "\n",
       "    .dataframe tbody tr th {\n",
       "        vertical-align: top;\n",
       "    }\n",
       "</style>\n",
       "<table border=\"1\" class=\"dataframe\">\n",
       "  <thead>\n",
       "    <tr style=\"text-align: right;\">\n",
       "      <th></th>\n",
       "      <th></th>\n",
       "      <th></th>\n",
       "      <th>lgID</th>\n",
       "      <th>salary</th>\n",
       "    </tr>\n",
       "    <tr>\n",
       "      <th>yearID</th>\n",
       "      <th>playerID</th>\n",
       "      <th>teamID</th>\n",
       "      <th></th>\n",
       "      <th></th>\n",
       "    </tr>\n",
       "  </thead>\n",
       "  <tbody>\n",
       "  </tbody>\n",
       "</table>\n",
       "</div>"
      ],
      "text/plain": [
       "Empty DataFrame\n",
       "Columns: [lgID, salary]\n",
       "Index: []"
      ]
     },
     "execution_count": 40,
     "metadata": {},
     "output_type": "execute_result"
    }
   ],
   "source": [
    "table3 = sala.groupby(['yearID','playerID','teamID']).count()\n",
    "df = pd.DataFrame(table3) # DataFrameに変換\n",
    "df[df['lgID']>1] "
   ]
  },
  {
   "cell_type": "code",
   "execution_count": 41,
   "metadata": {},
   "outputs": [
    {
     "data": {
      "text/html": [
       "<div>\n",
       "<style>\n",
       "    .dataframe thead tr:only-child th {\n",
       "        text-align: right;\n",
       "    }\n",
       "\n",
       "    .dataframe thead th {\n",
       "        text-align: left;\n",
       "    }\n",
       "\n",
       "    .dataframe tbody tr th {\n",
       "        vertical-align: top;\n",
       "    }\n",
       "</style>\n",
       "<table border=\"1\" class=\"dataframe\">\n",
       "  <thead>\n",
       "    <tr style=\"text-align: right;\">\n",
       "      <th></th>\n",
       "      <th></th>\n",
       "      <th>teamID</th>\n",
       "      <th>lgID</th>\n",
       "      <th>salary</th>\n",
       "    </tr>\n",
       "    <tr>\n",
       "      <th>yearID</th>\n",
       "      <th>playerID</th>\n",
       "      <th></th>\n",
       "      <th></th>\n",
       "      <th></th>\n",
       "    </tr>\n",
       "  </thead>\n",
       "  <tbody>\n",
       "    <tr>\n",
       "      <th rowspan=\"11\" valign=\"top\">1986</th>\n",
       "      <th>anderla02</th>\n",
       "      <td>2</td>\n",
       "      <td>2</td>\n",
       "      <td>2</td>\n",
       "    </tr>\n",
       "    <tr>\n",
       "      <th>carltst01</th>\n",
       "      <td>2</td>\n",
       "      <td>2</td>\n",
       "      <td>2</td>\n",
       "    </tr>\n",
       "    <tr>\n",
       "      <th>fostege01</th>\n",
       "      <td>2</td>\n",
       "      <td>2</td>\n",
       "      <td>2</td>\n",
       "    </tr>\n",
       "    <tr>\n",
       "      <th>grosswa01</th>\n",
       "      <td>2</td>\n",
       "      <td>2</td>\n",
       "      <td>2</td>\n",
       "    </tr>\n",
       "    <tr>\n",
       "      <th>johnto01</th>\n",
       "      <td>2</td>\n",
       "      <td>2</td>\n",
       "      <td>2</td>\n",
       "    </tr>\n",
       "    <tr>\n",
       "      <th>mazzile01</th>\n",
       "      <td>2</td>\n",
       "      <td>2</td>\n",
       "      <td>2</td>\n",
       "    </tr>\n",
       "    <tr>\n",
       "      <th>morenom01</th>\n",
       "      <td>2</td>\n",
       "      <td>2</td>\n",
       "      <td>2</td>\n",
       "    </tr>\n",
       "    <tr>\n",
       "      <th>pastofr01</th>\n",
       "      <td>2</td>\n",
       "      <td>2</td>\n",
       "      <td>2</td>\n",
       "    </tr>\n",
       "    <tr>\n",
       "      <th>slatoji01</th>\n",
       "      <td>2</td>\n",
       "      <td>2</td>\n",
       "      <td>2</td>\n",
       "    </tr>\n",
       "    <tr>\n",
       "      <th>stefejo01</th>\n",
       "      <td>2</td>\n",
       "      <td>2</td>\n",
       "      <td>2</td>\n",
       "    </tr>\n",
       "    <tr>\n",
       "      <th>thomago01</th>\n",
       "      <td>2</td>\n",
       "      <td>2</td>\n",
       "      <td>2</td>\n",
       "    </tr>\n",
       "    <tr>\n",
       "      <th rowspan=\"3\" valign=\"top\">1987</th>\n",
       "      <th>barkele01</th>\n",
       "      <td>2</td>\n",
       "      <td>2</td>\n",
       "      <td>2</td>\n",
       "    </tr>\n",
       "    <tr>\n",
       "      <th>berrada01</th>\n",
       "      <td>2</td>\n",
       "      <td>2</td>\n",
       "      <td>2</td>\n",
       "    </tr>\n",
       "    <tr>\n",
       "      <th>bucknbi01</th>\n",
       "      <td>2</td>\n",
       "      <td>2</td>\n",
       "      <td>2</td>\n",
       "    </tr>\n",
       "    <tr>\n",
       "      <th>1988</th>\n",
       "      <th>kennete02</th>\n",
       "      <td>2</td>\n",
       "      <td>2</td>\n",
       "      <td>2</td>\n",
       "    </tr>\n",
       "    <tr>\n",
       "      <th>1989</th>\n",
       "      <th>quiseda01</th>\n",
       "      <td>2</td>\n",
       "      <td>2</td>\n",
       "      <td>2</td>\n",
       "    </tr>\n",
       "    <tr>\n",
       "      <th rowspan=\"4\" valign=\"top\">1992</th>\n",
       "      <th>brantje01</th>\n",
       "      <td>2</td>\n",
       "      <td>2</td>\n",
       "      <td>2</td>\n",
       "    </tr>\n",
       "    <tr>\n",
       "      <th>coxda01</th>\n",
       "      <td>2</td>\n",
       "      <td>2</td>\n",
       "      <td>2</td>\n",
       "    </tr>\n",
       "    <tr>\n",
       "      <th>deleojo01</th>\n",
       "      <td>2</td>\n",
       "      <td>2</td>\n",
       "      <td>2</td>\n",
       "    </tr>\n",
       "    <tr>\n",
       "      <th>fletcsc01</th>\n",
       "      <td>2</td>\n",
       "      <td>2</td>\n",
       "      <td>2</td>\n",
       "    </tr>\n",
       "    <tr>\n",
       "      <th rowspan=\"9\" valign=\"top\">1993</th>\n",
       "      <th>boevejo01</th>\n",
       "      <td>2</td>\n",
       "      <td>2</td>\n",
       "      <td>2</td>\n",
       "    </tr>\n",
       "    <tr>\n",
       "      <th>cadargr01</th>\n",
       "      <td>2</td>\n",
       "      <td>2</td>\n",
       "      <td>2</td>\n",
       "    </tr>\n",
       "    <tr>\n",
       "      <th>caldeiv01</th>\n",
       "      <td>2</td>\n",
       "      <td>2</td>\n",
       "      <td>2</td>\n",
       "    </tr>\n",
       "    <tr>\n",
       "      <th>gaettga01</th>\n",
       "      <td>2</td>\n",
       "      <td>2</td>\n",
       "      <td>2</td>\n",
       "    </tr>\n",
       "    <tr>\n",
       "      <th>hatchbi01</th>\n",
       "      <td>2</td>\n",
       "      <td>2</td>\n",
       "      <td>2</td>\n",
       "    </tr>\n",
       "    <tr>\n",
       "      <th>parrila02</th>\n",
       "      <td>2</td>\n",
       "      <td>2</td>\n",
       "      <td>2</td>\n",
       "    </tr>\n",
       "    <tr>\n",
       "      <th>sandesc01</th>\n",
       "      <td>2</td>\n",
       "      <td>2</td>\n",
       "      <td>2</td>\n",
       "    </tr>\n",
       "    <tr>\n",
       "      <th>seitzke01</th>\n",
       "      <td>2</td>\n",
       "      <td>2</td>\n",
       "      <td>2</td>\n",
       "    </tr>\n",
       "    <tr>\n",
       "      <th>thompmi02</th>\n",
       "      <td>2</td>\n",
       "      <td>2</td>\n",
       "      <td>2</td>\n",
       "    </tr>\n",
       "    <tr>\n",
       "      <th>1994</th>\n",
       "      <th>gaettga01</th>\n",
       "      <td>2</td>\n",
       "      <td>2</td>\n",
       "      <td>2</td>\n",
       "    </tr>\n",
       "    <tr>\n",
       "      <th>...</th>\n",
       "      <th>...</th>\n",
       "      <td>...</td>\n",
       "      <td>...</td>\n",
       "      <td>...</td>\n",
       "    </tr>\n",
       "    <tr>\n",
       "      <th rowspan=\"14\" valign=\"top\">1998</th>\n",
       "      <th>charlno01</th>\n",
       "      <td>2</td>\n",
       "      <td>2</td>\n",
       "      <td>2</td>\n",
       "    </tr>\n",
       "    <tr>\n",
       "      <th>edmonbr01</th>\n",
       "      <td>2</td>\n",
       "      <td>2</td>\n",
       "      <td>2</td>\n",
       "    </tr>\n",
       "    <tr>\n",
       "      <th>fieldce01</th>\n",
       "      <td>2</td>\n",
       "      <td>2</td>\n",
       "      <td>2</td>\n",
       "    </tr>\n",
       "    <tr>\n",
       "      <th>fossato01</th>\n",
       "      <td>2</td>\n",
       "      <td>2</td>\n",
       "      <td>2</td>\n",
       "    </tr>\n",
       "    <tr>\n",
       "      <th>gaettga01</th>\n",
       "      <td>2</td>\n",
       "      <td>2</td>\n",
       "      <td>2</td>\n",
       "    </tr>\n",
       "    <tr>\n",
       "      <th>guilloz01</th>\n",
       "      <td>2</td>\n",
       "      <td>2</td>\n",
       "      <td>2</td>\n",
       "    </tr>\n",
       "    <tr>\n",
       "      <th>incavpe01</th>\n",
       "      <td>2</td>\n",
       "      <td>2</td>\n",
       "      <td>2</td>\n",
       "    </tr>\n",
       "    <tr>\n",
       "      <th>mormaal01</th>\n",
       "      <td>2</td>\n",
       "      <td>2</td>\n",
       "      <td>2</td>\n",
       "    </tr>\n",
       "    <tr>\n",
       "      <th>olivejo01</th>\n",
       "      <td>2</td>\n",
       "      <td>2</td>\n",
       "      <td>2</td>\n",
       "    </tr>\n",
       "    <tr>\n",
       "      <th>perezro01</th>\n",
       "      <td>2</td>\n",
       "      <td>2</td>\n",
       "      <td>2</td>\n",
       "    </tr>\n",
       "    <tr>\n",
       "      <th>santaju01</th>\n",
       "      <td>2</td>\n",
       "      <td>2</td>\n",
       "      <td>2</td>\n",
       "    </tr>\n",
       "    <tr>\n",
       "      <th>smallaa01</th>\n",
       "      <td>2</td>\n",
       "      <td>2</td>\n",
       "      <td>2</td>\n",
       "    </tr>\n",
       "    <tr>\n",
       "      <th>tatisfe01</th>\n",
       "      <td>2</td>\n",
       "      <td>2</td>\n",
       "      <td>2</td>\n",
       "    </tr>\n",
       "    <tr>\n",
       "      <th>telemam01</th>\n",
       "      <td>2</td>\n",
       "      <td>2</td>\n",
       "      <td>2</td>\n",
       "    </tr>\n",
       "    <tr>\n",
       "      <th rowspan=\"12\" valign=\"top\">1999</th>\n",
       "      <th>brumfja01</th>\n",
       "      <td>2</td>\n",
       "      <td>2</td>\n",
       "      <td>2</td>\n",
       "    </tr>\n",
       "    <tr>\n",
       "      <th>corsiji01</th>\n",
       "      <td>2</td>\n",
       "      <td>2</td>\n",
       "      <td>2</td>\n",
       "    </tr>\n",
       "    <tr>\n",
       "      <th>fabrejo01</th>\n",
       "      <td>2</td>\n",
       "      <td>2</td>\n",
       "      <td>2</td>\n",
       "    </tr>\n",
       "    <tr>\n",
       "      <th>figgami01</th>\n",
       "      <td>2</td>\n",
       "      <td>2</td>\n",
       "      <td>2</td>\n",
       "    </tr>\n",
       "    <tr>\n",
       "      <th>maddumi01</th>\n",
       "      <td>2</td>\n",
       "      <td>2</td>\n",
       "      <td>2</td>\n",
       "    </tr>\n",
       "    <tr>\n",
       "      <th>montgje01</th>\n",
       "      <td>2</td>\n",
       "      <td>2</td>\n",
       "      <td>2</td>\n",
       "    </tr>\n",
       "    <tr>\n",
       "      <th>pooleji02</th>\n",
       "      <td>2</td>\n",
       "      <td>2</td>\n",
       "      <td>2</td>\n",
       "    </tr>\n",
       "    <tr>\n",
       "      <th>reedje02</th>\n",
       "      <td>2</td>\n",
       "      <td>2</td>\n",
       "      <td>2</td>\n",
       "    </tr>\n",
       "    <tr>\n",
       "      <th>rigbybr01</th>\n",
       "      <td>2</td>\n",
       "      <td>2</td>\n",
       "      <td>2</td>\n",
       "    </tr>\n",
       "    <tr>\n",
       "      <th>slocuhe01</th>\n",
       "      <td>2</td>\n",
       "      <td>2</td>\n",
       "      <td>2</td>\n",
       "    </tr>\n",
       "    <tr>\n",
       "      <th>wardtu01</th>\n",
       "      <td>2</td>\n",
       "      <td>2</td>\n",
       "      <td>2</td>\n",
       "    </tr>\n",
       "    <tr>\n",
       "      <th>watsoal01</th>\n",
       "      <td>2</td>\n",
       "      <td>2</td>\n",
       "      <td>2</td>\n",
       "    </tr>\n",
       "    <tr>\n",
       "      <th>2000</th>\n",
       "      <th>wellsbo01</th>\n",
       "      <td>2</td>\n",
       "      <td>2</td>\n",
       "      <td>2</td>\n",
       "    </tr>\n",
       "    <tr>\n",
       "      <th>2010</th>\n",
       "      <th>taverwi01</th>\n",
       "      <td>2</td>\n",
       "      <td>2</td>\n",
       "      <td>2</td>\n",
       "    </tr>\n",
       "    <tr>\n",
       "      <th>2013</th>\n",
       "      <th>hernara02</th>\n",
       "      <td>2</td>\n",
       "      <td>2</td>\n",
       "      <td>2</td>\n",
       "    </tr>\n",
       "    <tr>\n",
       "      <th>2016</th>\n",
       "      <th>matzety01</th>\n",
       "      <td>2</td>\n",
       "      <td>2</td>\n",
       "      <td>2</td>\n",
       "    </tr>\n",
       "  </tbody>\n",
       "</table>\n",
       "<p>105 rows × 3 columns</p>\n",
       "</div>"
      ],
      "text/plain": [
       "                  teamID  lgID  salary\n",
       "yearID playerID                       \n",
       "1986   anderla02       2     2       2\n",
       "       carltst01       2     2       2\n",
       "       fostege01       2     2       2\n",
       "       grosswa01       2     2       2\n",
       "       johnto01        2     2       2\n",
       "       mazzile01       2     2       2\n",
       "       morenom01       2     2       2\n",
       "       pastofr01       2     2       2\n",
       "       slatoji01       2     2       2\n",
       "       stefejo01       2     2       2\n",
       "       thomago01       2     2       2\n",
       "1987   barkele01       2     2       2\n",
       "       berrada01       2     2       2\n",
       "       bucknbi01       2     2       2\n",
       "1988   kennete02       2     2       2\n",
       "1989   quiseda01       2     2       2\n",
       "1992   brantje01       2     2       2\n",
       "       coxda01         2     2       2\n",
       "       deleojo01       2     2       2\n",
       "       fletcsc01       2     2       2\n",
       "1993   boevejo01       2     2       2\n",
       "       cadargr01       2     2       2\n",
       "       caldeiv01       2     2       2\n",
       "       gaettga01       2     2       2\n",
       "       hatchbi01       2     2       2\n",
       "       parrila02       2     2       2\n",
       "       sandesc01       2     2       2\n",
       "       seitzke01       2     2       2\n",
       "       thompmi02       2     2       2\n",
       "1994   gaettga01       2     2       2\n",
       "...                  ...   ...     ...\n",
       "1998   charlno01       2     2       2\n",
       "       edmonbr01       2     2       2\n",
       "       fieldce01       2     2       2\n",
       "       fossato01       2     2       2\n",
       "       gaettga01       2     2       2\n",
       "       guilloz01       2     2       2\n",
       "       incavpe01       2     2       2\n",
       "       mormaal01       2     2       2\n",
       "       olivejo01       2     2       2\n",
       "       perezro01       2     2       2\n",
       "       santaju01       2     2       2\n",
       "       smallaa01       2     2       2\n",
       "       tatisfe01       2     2       2\n",
       "       telemam01       2     2       2\n",
       "1999   brumfja01       2     2       2\n",
       "       corsiji01       2     2       2\n",
       "       fabrejo01       2     2       2\n",
       "       figgami01       2     2       2\n",
       "       maddumi01       2     2       2\n",
       "       montgje01       2     2       2\n",
       "       pooleji02       2     2       2\n",
       "       reedje02        2     2       2\n",
       "       rigbybr01       2     2       2\n",
       "       slocuhe01       2     2       2\n",
       "       wardtu01        2     2       2\n",
       "       watsoal01       2     2       2\n",
       "2000   wellsbo01       2     2       2\n",
       "2010   taverwi01       2     2       2\n",
       "2013   hernara02       2     2       2\n",
       "2016   matzety01       2     2       2\n",
       "\n",
       "[105 rows x 3 columns]"
      ]
     },
     "execution_count": 41,
     "metadata": {},
     "output_type": "execute_result"
    }
   ],
   "source": [
    "table4 = sala.groupby(['yearID','playerID']).count()\n",
    "df4 = pd.DataFrame(table4) # DataFrameに変換\n",
    "df4[df4['lgID']>1]"
   ]
  },
  {
   "cell_type": "code",
   "execution_count": 42,
   "metadata": {},
   "outputs": [
    {
     "data": {
      "text/plain": [
       "teamID    105\n",
       "lgID      105\n",
       "salary    105\n",
       "dtype: int64"
      ]
     },
     "execution_count": 42,
     "metadata": {},
     "output_type": "execute_result"
    }
   ],
   "source": [
    "df4[df4['lgID']>1].count()"
   ]
  },
  {
   "cell_type": "code",
   "execution_count": 35,
   "metadata": {
    "collapsed": true
   },
   "outputs": [],
   "source": [
    "batt_sala= pd.merge(batt, sala,on=('playerID', \"yearID\",\"teamID\"), how='inner')\n",
    "pitc_sala= pd.merge(pitc, sala,on=('playerID', \"yearID\",\"teamID\"), how='inner')\n",
    "master_sala= pd.merge(master, sala,on=('playerID'), how='left')"
   ]
  },
  {
   "cell_type": "code",
   "execution_count": 27,
   "metadata": {},
   "outputs": [
    {
     "data": {
      "text/html": [
       "<div>\n",
       "<style>\n",
       "    .dataframe thead tr:only-child th {\n",
       "        text-align: right;\n",
       "    }\n",
       "\n",
       "    .dataframe thead th {\n",
       "        text-align: left;\n",
       "    }\n",
       "\n",
       "    .dataframe tbody tr th {\n",
       "        vertical-align: top;\n",
       "    }\n",
       "</style>\n",
       "<table border=\"1\" class=\"dataframe\">\n",
       "  <thead>\n",
       "    <tr style=\"text-align: right;\">\n",
       "      <th></th>\n",
       "      <th>yearID</th>\n",
       "      <th>G</th>\n",
       "      <th>AB</th>\n",
       "      <th>R</th>\n",
       "      <th>H</th>\n",
       "      <th>2B</th>\n",
       "      <th>3B</th>\n",
       "      <th>HR</th>\n",
       "      <th>RBI</th>\n",
       "      <th>SB</th>\n",
       "      <th>CS</th>\n",
       "      <th>BB</th>\n",
       "      <th>SO</th>\n",
       "      <th>IBB</th>\n",
       "      <th>HBP</th>\n",
       "      <th>SH</th>\n",
       "      <th>SF</th>\n",
       "      <th>GIDP</th>\n",
       "      <th>salary</th>\n",
       "    </tr>\n",
       "  </thead>\n",
       "  <tbody>\n",
       "    <tr>\n",
       "      <th>yearID</th>\n",
       "      <td>1.000000</td>\n",
       "      <td>-0.113910</td>\n",
       "      <td>-0.064317</td>\n",
       "      <td>-0.048600</td>\n",
       "      <td>-0.064488</td>\n",
       "      <td>-0.017148</td>\n",
       "      <td>-0.030243</td>\n",
       "      <td>-0.004471</td>\n",
       "      <td>-0.038901</td>\n",
       "      <td>-0.077134</td>\n",
       "      <td>-0.061741</td>\n",
       "      <td>-0.061829</td>\n",
       "      <td>0.002636</td>\n",
       "      <td>-0.044215</td>\n",
       "      <td>0.020712</td>\n",
       "      <td>-0.033258</td>\n",
       "      <td>-0.040548</td>\n",
       "      <td>-0.005102</td>\n",
       "      <td>0.333685</td>\n",
       "    </tr>\n",
       "    <tr>\n",
       "      <th>G</th>\n",
       "      <td>-0.113910</td>\n",
       "      <td>1.000000</td>\n",
       "      <td>0.842854</td>\n",
       "      <td>0.631468</td>\n",
       "      <td>0.738232</td>\n",
       "      <td>0.488711</td>\n",
       "      <td>0.198122</td>\n",
       "      <td>0.404373</td>\n",
       "      <td>0.571915</td>\n",
       "      <td>0.274274</td>\n",
       "      <td>0.219375</td>\n",
       "      <td>0.577572</td>\n",
       "      <td>0.655674</td>\n",
       "      <td>0.263282</td>\n",
       "      <td>0.249268</td>\n",
       "      <td>0.101055</td>\n",
       "      <td>0.222227</td>\n",
       "      <td>0.349311</td>\n",
       "      <td>0.075098</td>\n",
       "    </tr>\n",
       "    <tr>\n",
       "      <th>AB</th>\n",
       "      <td>-0.064317</td>\n",
       "      <td>0.842854</td>\n",
       "      <td>1.000000</td>\n",
       "      <td>0.736985</td>\n",
       "      <td>0.878332</td>\n",
       "      <td>0.583620</td>\n",
       "      <td>0.234461</td>\n",
       "      <td>0.473184</td>\n",
       "      <td>0.668286</td>\n",
       "      <td>0.330620</td>\n",
       "      <td>0.247407</td>\n",
       "      <td>0.608617</td>\n",
       "      <td>0.774336</td>\n",
       "      <td>0.259445</td>\n",
       "      <td>0.271925</td>\n",
       "      <td>0.123049</td>\n",
       "      <td>0.234314</td>\n",
       "      <td>0.416934</td>\n",
       "      <td>0.187088</td>\n",
       "    </tr>\n",
       "    <tr>\n",
       "      <th>R</th>\n",
       "      <td>-0.048600</td>\n",
       "      <td>0.631468</td>\n",
       "      <td>0.736985</td>\n",
       "      <td>1.000000</td>\n",
       "      <td>0.799540</td>\n",
       "      <td>0.550404</td>\n",
       "      <td>0.244111</td>\n",
       "      <td>0.644689</td>\n",
       "      <td>0.688565</td>\n",
       "      <td>0.345581</td>\n",
       "      <td>0.189874</td>\n",
       "      <td>0.624346</td>\n",
       "      <td>0.509048</td>\n",
       "      <td>0.298355</td>\n",
       "      <td>0.269352</td>\n",
       "      <td>0.069366</td>\n",
       "      <td>0.188114</td>\n",
       "      <td>0.274552</td>\n",
       "      <td>0.168392</td>\n",
       "    </tr>\n",
       "    <tr>\n",
       "      <th>H</th>\n",
       "      <td>-0.064488</td>\n",
       "      <td>0.738232</td>\n",
       "      <td>0.878332</td>\n",
       "      <td>0.799540</td>\n",
       "      <td>1.000000</td>\n",
       "      <td>0.668143</td>\n",
       "      <td>0.268480</td>\n",
       "      <td>0.540361</td>\n",
       "      <td>0.732745</td>\n",
       "      <td>0.337323</td>\n",
       "      <td>0.262590</td>\n",
       "      <td>0.561531</td>\n",
       "      <td>0.588593</td>\n",
       "      <td>0.264699</td>\n",
       "      <td>0.230877</td>\n",
       "      <td>0.086957</td>\n",
       "      <td>0.214164</td>\n",
       "      <td>0.333464</td>\n",
       "      <td>0.172923</td>\n",
       "    </tr>\n",
       "    <tr>\n",
       "      <th>2B</th>\n",
       "      <td>-0.017148</td>\n",
       "      <td>0.488711</td>\n",
       "      <td>0.583620</td>\n",
       "      <td>0.550404</td>\n",
       "      <td>0.668143</td>\n",
       "      <td>1.000000</td>\n",
       "      <td>0.112037</td>\n",
       "      <td>0.273493</td>\n",
       "      <td>0.498920</td>\n",
       "      <td>0.201202</td>\n",
       "      <td>0.142953</td>\n",
       "      <td>0.370769</td>\n",
       "      <td>0.402476</td>\n",
       "      <td>0.177994</td>\n",
       "      <td>0.169229</td>\n",
       "      <td>0.033774</td>\n",
       "      <td>0.145965</td>\n",
       "      <td>0.226784</td>\n",
       "      <td>0.135069</td>\n",
       "    </tr>\n",
       "    <tr>\n",
       "      <th>3B</th>\n",
       "      <td>-0.030243</td>\n",
       "      <td>0.198122</td>\n",
       "      <td>0.234461</td>\n",
       "      <td>0.244111</td>\n",
       "      <td>0.268480</td>\n",
       "      <td>0.112037</td>\n",
       "      <td>1.000000</td>\n",
       "      <td>0.080035</td>\n",
       "      <td>0.192969</td>\n",
       "      <td>0.127277</td>\n",
       "      <td>0.074085</td>\n",
       "      <td>0.132563</td>\n",
       "      <td>0.152630</td>\n",
       "      <td>0.047829</td>\n",
       "      <td>0.064687</td>\n",
       "      <td>0.036064</td>\n",
       "      <td>0.036845</td>\n",
       "      <td>0.074617</td>\n",
       "      <td>-0.004054</td>\n",
       "    </tr>\n",
       "    <tr>\n",
       "      <th>HR</th>\n",
       "      <td>-0.004471</td>\n",
       "      <td>0.404373</td>\n",
       "      <td>0.473184</td>\n",
       "      <td>0.644689</td>\n",
       "      <td>0.540361</td>\n",
       "      <td>0.273493</td>\n",
       "      <td>0.080035</td>\n",
       "      <td>1.000000</td>\n",
       "      <td>0.735497</td>\n",
       "      <td>0.103513</td>\n",
       "      <td>0.092673</td>\n",
       "      <td>0.405934</td>\n",
       "      <td>0.361923</td>\n",
       "      <td>0.253343</td>\n",
       "      <td>0.151048</td>\n",
       "      <td>-0.012746</td>\n",
       "      <td>0.130029</td>\n",
       "      <td>0.175203</td>\n",
       "      <td>0.144660</td>\n",
       "    </tr>\n",
       "    <tr>\n",
       "      <th>RBI</th>\n",
       "      <td>-0.038901</td>\n",
       "      <td>0.571915</td>\n",
       "      <td>0.668286</td>\n",
       "      <td>0.688565</td>\n",
       "      <td>0.732745</td>\n",
       "      <td>0.498920</td>\n",
       "      <td>0.192969</td>\n",
       "      <td>0.735497</td>\n",
       "      <td>1.000000</td>\n",
       "      <td>0.187313</td>\n",
       "      <td>0.151227</td>\n",
       "      <td>0.507811</td>\n",
       "      <td>0.479607</td>\n",
       "      <td>0.284718</td>\n",
       "      <td>0.189713</td>\n",
       "      <td>0.032806</td>\n",
       "      <td>0.329292</td>\n",
       "      <td>0.251518</td>\n",
       "      <td>0.166794</td>\n",
       "    </tr>\n",
       "    <tr>\n",
       "      <th>SB</th>\n",
       "      <td>-0.077134</td>\n",
       "      <td>0.274274</td>\n",
       "      <td>0.330620</td>\n",
       "      <td>0.345581</td>\n",
       "      <td>0.337323</td>\n",
       "      <td>0.201202</td>\n",
       "      <td>0.127277</td>\n",
       "      <td>0.103513</td>\n",
       "      <td>0.187313</td>\n",
       "      <td>1.000000</td>\n",
       "      <td>0.167859</td>\n",
       "      <td>0.277591</td>\n",
       "      <td>0.211119</td>\n",
       "      <td>0.100581</td>\n",
       "      <td>0.099190</td>\n",
       "      <td>0.085455</td>\n",
       "      <td>0.088459</td>\n",
       "      <td>0.094897</td>\n",
       "      <td>0.011848</td>\n",
       "    </tr>\n",
       "    <tr>\n",
       "      <th>CS</th>\n",
       "      <td>-0.061741</td>\n",
       "      <td>0.219375</td>\n",
       "      <td>0.247407</td>\n",
       "      <td>0.189874</td>\n",
       "      <td>0.262590</td>\n",
       "      <td>0.142953</td>\n",
       "      <td>0.074085</td>\n",
       "      <td>0.092673</td>\n",
       "      <td>0.151227</td>\n",
       "      <td>0.167859</td>\n",
       "      <td>1.000000</td>\n",
       "      <td>0.202499</td>\n",
       "      <td>0.179114</td>\n",
       "      <td>0.028654</td>\n",
       "      <td>0.094975</td>\n",
       "      <td>0.040134</td>\n",
       "      <td>0.055101</td>\n",
       "      <td>0.057861</td>\n",
       "      <td>0.010298</td>\n",
       "    </tr>\n",
       "    <tr>\n",
       "      <th>BB</th>\n",
       "      <td>-0.061829</td>\n",
       "      <td>0.577572</td>\n",
       "      <td>0.608617</td>\n",
       "      <td>0.624346</td>\n",
       "      <td>0.561531</td>\n",
       "      <td>0.370769</td>\n",
       "      <td>0.132563</td>\n",
       "      <td>0.405934</td>\n",
       "      <td>0.507811</td>\n",
       "      <td>0.277591</td>\n",
       "      <td>0.202499</td>\n",
       "      <td>1.000000</td>\n",
       "      <td>0.484496</td>\n",
       "      <td>0.494499</td>\n",
       "      <td>0.188460</td>\n",
       "      <td>0.017636</td>\n",
       "      <td>0.178995</td>\n",
       "      <td>0.253633</td>\n",
       "      <td>0.178609</td>\n",
       "    </tr>\n",
       "    <tr>\n",
       "      <th>SO</th>\n",
       "      <td>0.002636</td>\n",
       "      <td>0.655674</td>\n",
       "      <td>0.774336</td>\n",
       "      <td>0.509048</td>\n",
       "      <td>0.588593</td>\n",
       "      <td>0.402476</td>\n",
       "      <td>0.152630</td>\n",
       "      <td>0.361923</td>\n",
       "      <td>0.479607</td>\n",
       "      <td>0.211119</td>\n",
       "      <td>0.179114</td>\n",
       "      <td>0.484496</td>\n",
       "      <td>1.000000</td>\n",
       "      <td>0.187286</td>\n",
       "      <td>0.216534</td>\n",
       "      <td>0.088750</td>\n",
       "      <td>0.168444</td>\n",
       "      <td>0.269010</td>\n",
       "      <td>0.162013</td>\n",
       "    </tr>\n",
       "    <tr>\n",
       "      <th>IBB</th>\n",
       "      <td>-0.044215</td>\n",
       "      <td>0.263282</td>\n",
       "      <td>0.259445</td>\n",
       "      <td>0.298355</td>\n",
       "      <td>0.264699</td>\n",
       "      <td>0.177994</td>\n",
       "      <td>0.047829</td>\n",
       "      <td>0.253343</td>\n",
       "      <td>0.284718</td>\n",
       "      <td>0.100581</td>\n",
       "      <td>0.028654</td>\n",
       "      <td>0.494499</td>\n",
       "      <td>0.187286</td>\n",
       "      <td>1.000000</td>\n",
       "      <td>0.078916</td>\n",
       "      <td>-0.016660</td>\n",
       "      <td>0.139066</td>\n",
       "      <td>0.099202</td>\n",
       "      <td>0.093509</td>\n",
       "    </tr>\n",
       "    <tr>\n",
       "      <th>HBP</th>\n",
       "      <td>0.020712</td>\n",
       "      <td>0.249268</td>\n",
       "      <td>0.271925</td>\n",
       "      <td>0.269352</td>\n",
       "      <td>0.230877</td>\n",
       "      <td>0.169229</td>\n",
       "      <td>0.064687</td>\n",
       "      <td>0.151048</td>\n",
       "      <td>0.189713</td>\n",
       "      <td>0.099190</td>\n",
       "      <td>0.094975</td>\n",
       "      <td>0.188460</td>\n",
       "      <td>0.216534</td>\n",
       "      <td>0.078916</td>\n",
       "      <td>1.000000</td>\n",
       "      <td>0.034776</td>\n",
       "      <td>0.038229</td>\n",
       "      <td>0.103418</td>\n",
       "      <td>0.080303</td>\n",
       "    </tr>\n",
       "    <tr>\n",
       "      <th>SH</th>\n",
       "      <td>-0.033258</td>\n",
       "      <td>0.101055</td>\n",
       "      <td>0.123049</td>\n",
       "      <td>0.069366</td>\n",
       "      <td>0.086957</td>\n",
       "      <td>0.033774</td>\n",
       "      <td>0.036064</td>\n",
       "      <td>-0.012746</td>\n",
       "      <td>0.032806</td>\n",
       "      <td>0.085455</td>\n",
       "      <td>0.040134</td>\n",
       "      <td>0.017636</td>\n",
       "      <td>0.088750</td>\n",
       "      <td>-0.016660</td>\n",
       "      <td>0.034776</td>\n",
       "      <td>1.000000</td>\n",
       "      <td>0.005054</td>\n",
       "      <td>0.046535</td>\n",
       "      <td>-0.023457</td>\n",
       "    </tr>\n",
       "    <tr>\n",
       "      <th>SF</th>\n",
       "      <td>-0.040548</td>\n",
       "      <td>0.222227</td>\n",
       "      <td>0.234314</td>\n",
       "      <td>0.188114</td>\n",
       "      <td>0.214164</td>\n",
       "      <td>0.145965</td>\n",
       "      <td>0.036845</td>\n",
       "      <td>0.130029</td>\n",
       "      <td>0.329292</td>\n",
       "      <td>0.088459</td>\n",
       "      <td>0.055101</td>\n",
       "      <td>0.178995</td>\n",
       "      <td>0.168444</td>\n",
       "      <td>0.139066</td>\n",
       "      <td>0.038229</td>\n",
       "      <td>0.005054</td>\n",
       "      <td>1.000000</td>\n",
       "      <td>0.076027</td>\n",
       "      <td>0.044473</td>\n",
       "    </tr>\n",
       "    <tr>\n",
       "      <th>GIDP</th>\n",
       "      <td>-0.005102</td>\n",
       "      <td>0.349311</td>\n",
       "      <td>0.416934</td>\n",
       "      <td>0.274552</td>\n",
       "      <td>0.333464</td>\n",
       "      <td>0.226784</td>\n",
       "      <td>0.074617</td>\n",
       "      <td>0.175203</td>\n",
       "      <td>0.251518</td>\n",
       "      <td>0.094897</td>\n",
       "      <td>0.057861</td>\n",
       "      <td>0.253633</td>\n",
       "      <td>0.269010</td>\n",
       "      <td>0.099202</td>\n",
       "      <td>0.103418</td>\n",
       "      <td>0.046535</td>\n",
       "      <td>0.076027</td>\n",
       "      <td>1.000000</td>\n",
       "      <td>0.108875</td>\n",
       "    </tr>\n",
       "    <tr>\n",
       "      <th>salary</th>\n",
       "      <td>0.333685</td>\n",
       "      <td>0.075098</td>\n",
       "      <td>0.187088</td>\n",
       "      <td>0.168392</td>\n",
       "      <td>0.172923</td>\n",
       "      <td>0.135069</td>\n",
       "      <td>-0.004054</td>\n",
       "      <td>0.144660</td>\n",
       "      <td>0.166794</td>\n",
       "      <td>0.011848</td>\n",
       "      <td>0.010298</td>\n",
       "      <td>0.178609</td>\n",
       "      <td>0.162013</td>\n",
       "      <td>0.093509</td>\n",
       "      <td>0.080303</td>\n",
       "      <td>-0.023457</td>\n",
       "      <td>0.044473</td>\n",
       "      <td>0.108875</td>\n",
       "      <td>1.000000</td>\n",
       "    </tr>\n",
       "  </tbody>\n",
       "</table>\n",
       "</div>"
      ],
      "text/plain": [
       "          yearID         G        AB         R         H        2B        3B  \\\n",
       "yearID  1.000000 -0.113910 -0.064317 -0.048600 -0.064488 -0.017148 -0.030243   \n",
       "G      -0.113910  1.000000  0.842854  0.631468  0.738232  0.488711  0.198122   \n",
       "AB     -0.064317  0.842854  1.000000  0.736985  0.878332  0.583620  0.234461   \n",
       "R      -0.048600  0.631468  0.736985  1.000000  0.799540  0.550404  0.244111   \n",
       "H      -0.064488  0.738232  0.878332  0.799540  1.000000  0.668143  0.268480   \n",
       "2B     -0.017148  0.488711  0.583620  0.550404  0.668143  1.000000  0.112037   \n",
       "3B     -0.030243  0.198122  0.234461  0.244111  0.268480  0.112037  1.000000   \n",
       "HR     -0.004471  0.404373  0.473184  0.644689  0.540361  0.273493  0.080035   \n",
       "RBI    -0.038901  0.571915  0.668286  0.688565  0.732745  0.498920  0.192969   \n",
       "SB     -0.077134  0.274274  0.330620  0.345581  0.337323  0.201202  0.127277   \n",
       "CS     -0.061741  0.219375  0.247407  0.189874  0.262590  0.142953  0.074085   \n",
       "BB     -0.061829  0.577572  0.608617  0.624346  0.561531  0.370769  0.132563   \n",
       "SO      0.002636  0.655674  0.774336  0.509048  0.588593  0.402476  0.152630   \n",
       "IBB    -0.044215  0.263282  0.259445  0.298355  0.264699  0.177994  0.047829   \n",
       "HBP     0.020712  0.249268  0.271925  0.269352  0.230877  0.169229  0.064687   \n",
       "SH     -0.033258  0.101055  0.123049  0.069366  0.086957  0.033774  0.036064   \n",
       "SF     -0.040548  0.222227  0.234314  0.188114  0.214164  0.145965  0.036845   \n",
       "GIDP   -0.005102  0.349311  0.416934  0.274552  0.333464  0.226784  0.074617   \n",
       "salary  0.333685  0.075098  0.187088  0.168392  0.172923  0.135069 -0.004054   \n",
       "\n",
       "              HR       RBI        SB        CS        BB        SO       IBB  \\\n",
       "yearID -0.004471 -0.038901 -0.077134 -0.061741 -0.061829  0.002636 -0.044215   \n",
       "G       0.404373  0.571915  0.274274  0.219375  0.577572  0.655674  0.263282   \n",
       "AB      0.473184  0.668286  0.330620  0.247407  0.608617  0.774336  0.259445   \n",
       "R       0.644689  0.688565  0.345581  0.189874  0.624346  0.509048  0.298355   \n",
       "H       0.540361  0.732745  0.337323  0.262590  0.561531  0.588593  0.264699   \n",
       "2B      0.273493  0.498920  0.201202  0.142953  0.370769  0.402476  0.177994   \n",
       "3B      0.080035  0.192969  0.127277  0.074085  0.132563  0.152630  0.047829   \n",
       "HR      1.000000  0.735497  0.103513  0.092673  0.405934  0.361923  0.253343   \n",
       "RBI     0.735497  1.000000  0.187313  0.151227  0.507811  0.479607  0.284718   \n",
       "SB      0.103513  0.187313  1.000000  0.167859  0.277591  0.211119  0.100581   \n",
       "CS      0.092673  0.151227  0.167859  1.000000  0.202499  0.179114  0.028654   \n",
       "BB      0.405934  0.507811  0.277591  0.202499  1.000000  0.484496  0.494499   \n",
       "SO      0.361923  0.479607  0.211119  0.179114  0.484496  1.000000  0.187286   \n",
       "IBB     0.253343  0.284718  0.100581  0.028654  0.494499  0.187286  1.000000   \n",
       "HBP     0.151048  0.189713  0.099190  0.094975  0.188460  0.216534  0.078916   \n",
       "SH     -0.012746  0.032806  0.085455  0.040134  0.017636  0.088750 -0.016660   \n",
       "SF      0.130029  0.329292  0.088459  0.055101  0.178995  0.168444  0.139066   \n",
       "GIDP    0.175203  0.251518  0.094897  0.057861  0.253633  0.269010  0.099202   \n",
       "salary  0.144660  0.166794  0.011848  0.010298  0.178609  0.162013  0.093509   \n",
       "\n",
       "             HBP        SH        SF      GIDP    salary  \n",
       "yearID  0.020712 -0.033258 -0.040548 -0.005102  0.333685  \n",
       "G       0.249268  0.101055  0.222227  0.349311  0.075098  \n",
       "AB      0.271925  0.123049  0.234314  0.416934  0.187088  \n",
       "R       0.269352  0.069366  0.188114  0.274552  0.168392  \n",
       "H       0.230877  0.086957  0.214164  0.333464  0.172923  \n",
       "2B      0.169229  0.033774  0.145965  0.226784  0.135069  \n",
       "3B      0.064687  0.036064  0.036845  0.074617 -0.004054  \n",
       "HR      0.151048 -0.012746  0.130029  0.175203  0.144660  \n",
       "RBI     0.189713  0.032806  0.329292  0.251518  0.166794  \n",
       "SB      0.099190  0.085455  0.088459  0.094897  0.011848  \n",
       "CS      0.094975  0.040134  0.055101  0.057861  0.010298  \n",
       "BB      0.188460  0.017636  0.178995  0.253633  0.178609  \n",
       "SO      0.216534  0.088750  0.168444  0.269010  0.162013  \n",
       "IBB     0.078916 -0.016660  0.139066  0.099202  0.093509  \n",
       "HBP     1.000000  0.034776  0.038229  0.103418  0.080303  \n",
       "SH      0.034776  1.000000  0.005054  0.046535 -0.023457  \n",
       "SF      0.038229  0.005054  1.000000  0.076027  0.044473  \n",
       "GIDP    0.103418  0.046535  0.076027  1.000000  0.108875  \n",
