{
 "cells": [
  {
   "cell_type": "code",
   "execution_count": 103,
   "metadata": {},
   "outputs": [],
   "source": [
    "import pandas as pd\n",
    "from sklearn.datasets import make_blobs\n",
    "X, y = make_blobs(n_samples=100, n_features=20, centers=15, cluster_std=2.0, shuffle=True, random_state=0)\n",
    "variables = ['辛さ','重厚','スパイシー','果実味','コク','酸味','落ち着き','香り','華やか','ジューシー','熟成','透明感','シャープ','力強い','フレッシュ','渋み','苦味','樽','エキゾチック','粘性']\n",
    "\n",
    "df = pd.DataFrame(X, columns=variables)"
   ]
  },
  {
   "cell_type": "markdown",
   "metadata": {},
   "source": [
    "### 【提出物】\n",
    "#### ７種類のワインを提案\n",
    "\n",
    "以下に根拠とコードを提出します。"
   ]
  },
  {
   "cell_type": "markdown",
   "metadata": {},
   "source": [
    "まず各項目における相関を見て、その中で相関の高いもの、相関の低いものに注目しました。"
   ]
  },
  {
   "cell_type": "code",
   "execution_count": 78,
   "metadata": {
    "scrolled": true
   },
   "outputs": [
    {
     "data": {
      "text/html": [
       "<div>\n",
       "<style>\n",
       "    .dataframe thead tr:only-child th {\n",
       "        text-align: right;\n",
       "    }\n",
       "\n",
       "    .dataframe thead th {\n",
       "        text-align: left;\n",
       "    }\n",
       "\n",
       "    .dataframe tbody tr th {\n",
       "        vertical-align: top;\n",
       "    }\n",
       "</style>\n",
       "<table border=\"1\" class=\"dataframe\">\n",
       "  <thead>\n",
       "    <tr style=\"text-align: right;\">\n",
       "      <th></th>\n",
       "      <th>辛さ</th>\n",
       "      <th>重厚</th>\n",
       "      <th>スパイシー</th>\n",
       "      <th>果実味</th>\n",
       "      <th>コク</th>\n",
       "      <th>酸味</th>\n",
       "      <th>落ち着き</th>\n",
       "      <th>香り</th>\n",
       "      <th>華やか</th>\n",
       "      <th>ジューシー</th>\n",
       "      <th>熟成</th>\n",
       "      <th>透明感</th>\n",
       "      <th>シャープ</th>\n",
       "      <th>力強い</th>\n",
       "      <th>フレッシュ</th>\n",
       "      <th>渋み</th>\n",
       "      <th>苦味</th>\n",
       "      <th>樽</th>\n",
       "      <th>エキゾチック</th>\n",
       "      <th>粘性</th>\n",
       "    </tr>\n",
       "  </thead>\n",
       "  <tbody>\n",
       "    <tr>\n",
       "      <th>辛さ</th>\n",
       "      <td>1.000000</td>\n",
       "      <td>0.012452</td>\n",
       "      <td>0.230067</td>\n",
       "      <td>0.412535</td>\n",
       "      <td>-0.000600</td>\n",
       "      <td>0.241290</td>\n",
       "      <td>-0.479684</td>\n",
       "      <td>0.396185</td>\n",
       "      <td>0.036520</td>\n",
       "      <td>0.153069</td>\n",
       "      <td>-0.480768</td>\n",
       "      <td>0.349353</td>\n",
       "      <td>-0.226502</td>\n",
       "      <td>-0.125332</td>\n",
       "      <td>-0.044131</td>\n",
       "      <td>0.144763</td>\n",
       "      <td>0.299368</td>\n",
       "      <td>0.418677</td>\n",
       "      <td>0.395138</td>\n",
       "      <td>-0.150583</td>\n",
       "    </tr>\n",
       "    <tr>\n",
       "      <th>重厚</th>\n",
       "      <td>0.012452</td>\n",
       "      <td>1.000000</td>\n",
       "      <td>0.010092</td>\n",
       "      <td>-0.103822</td>\n",
       "      <td>-0.259852</td>\n",
       "      <td>0.067188</td>\n",
       "      <td>0.143617</td>\n",
       "      <td>0.263447</td>\n",
       "      <td>0.391611</td>\n",
       "      <td>0.056378</td>\n",
       "      <td>-0.219087</td>\n",
       "      <td>-0.503148</td>\n",
       "      <td>-0.157019</td>\n",
       "      <td>-0.142363</td>\n",
       "      <td>-0.351313</td>\n",
       "      <td>0.057171</td>\n",
       "      <td>-0.577313</td>\n",
       "      <td>0.166940</td>\n",
       "      <td>-0.059676</td>\n",
       "      <td>0.412494</td>\n",
       "    </tr>\n",
       "    <tr>\n",
       "      <th>スパイシー</th>\n",
       "      <td>0.230067</td>\n",
       "      <td>0.010092</td>\n",
       "      <td>1.000000</td>\n",
       "      <td>-0.179080</td>\n",
       "      <td>0.033073</td>\n",
       "      <td>0.123740</td>\n",
       "      <td>-0.199514</td>\n",
       "      <td>-0.036995</td>\n",
       "      <td>0.252318</td>\n",
       "      <td>-0.399861</td>\n",
       "      <td>0.017129</td>\n",
       "      <td>-0.280591</td>\n",
       "      <td>0.098177</td>\n",
       "      <td>-0.357342</td>\n",
       "      <td>0.435023</td>\n",
       "      <td>-0.250036</td>\n",
       "      <td>-0.157667</td>\n",
       "      <td>0.237439</td>\n",
       "      <td>-0.055513</td>\n",
       "      <td>-0.059879</td>\n",
       "    </tr>\n",
       "    <tr>\n",
       "      <th>果実味</th>\n",
       "      <td>0.412535</td>\n",
       "      <td>-0.103822</td>\n",
       "      <td>-0.179080</td>\n",
       "      <td>1.000000</td>\n",
       "      <td>0.077956</td>\n",
       "      <td>0.507002</td>\n",
       "      <td>-0.395863</td>\n",
       "      <td>0.391085</td>\n",
       "      <td>0.107980</td>\n",
       "      <td>0.283284</td>\n",
       "      <td>-0.194855</td>\n",
       "      <td>0.327252</td>\n",
       "      <td>-0.565316</td>\n",
       "      <td>-0.029381</td>\n",
       "      <td>-0.104915</td>\n",
       "      <td>0.462507</td>\n",
       "      <td>0.464908</td>\n",
       "      <td>0.348850</td>\n",
       "      <td>0.180115</td>\n",
       "      <td>-0.059608</td>\n",
       "    </tr>\n",
       "    <tr>\n",
       "      <th>コク</th>\n",
       "      <td>-0.000600</td>\n",
       "      <td>-0.259852</td>\n",
       "      <td>0.033073</td>\n",
       "      <td>0.077956</td>\n",
       "      <td>1.000000</td>\n",
       "      <td>0.331904</td>\n",
       "      <td>-0.455831</td>\n",
       "      <td>-0.004847</td>\n",
       "      <td>-0.152933</td>\n",
       "      <td>-0.214314</td>\n",
       "      <td>-0.237591</td>\n",
       "      <td>0.031978</td>\n",
       "      <td>-0.444110</td>\n",
       "      <td>0.188954</td>\n",
       "      <td>0.333638</td>\n",
       "      <td>-0.032846</td>\n",
       "      <td>0.098744</td>\n",
       "      <td>0.187347</td>\n",
       "      <td>-0.198266</td>\n",
       "      <td>-0.423697</td>\n",
       "    </tr>\n",
       "    <tr>\n",
       "      <th>酸味</th>\n",
       "      <td>0.241290</td>\n",
       "      <td>0.067188</td>\n",
       "      <td>0.123740</td>\n",
       "      <td>0.507002</td>\n",
       "      <td>0.331904</td>\n",
       "      <td>1.000000</td>\n",
       "      <td>-0.499521</td>\n",
       "      <td>0.253238</td>\n",
       "      <td>0.171101</td>\n",
       "      <td>-0.172539</td>\n",
       "      <td>-0.241175</td>\n",
       "      <td>0.002757</td>\n",
       "      <td>-0.346835</td>\n",
       "      <td>-0.127952</td>\n",
       "      <td>0.010046</td>\n",
       "      <td>0.254601</td>\n",
       "      <td>0.177082</td>\n",
       "      <td>0.336219</td>\n",
       "      <td>-0.278627</td>\n",
       "      <td>-0.074659</td>\n",
       "    </tr>\n",
       "    <tr>\n",
       "      <th>落ち着き</th>\n",
       "      <td>-0.479684</td>\n",
       "      <td>0.143617</td>\n",
       "      <td>-0.199514</td>\n",
       "      <td>-0.395863</td>\n",
       "      <td>-0.455831</td>\n",
       "      <td>-0.499521</td>\n",
       "      <td>1.000000</td>\n",
       "      <td>-0.238571</td>\n",
       "      <td>-0.023988</td>\n",
       "      <td>0.239292</td>\n",
       "      <td>0.165233</td>\n",
       "      <td>-0.136789</td>\n",
       "      <td>0.482829</td>\n",
       "      <td>-0.010108</td>\n",
       "      <td>0.051193</td>\n",
       "      <td>-0.310509</td>\n",
       "      <td>-0.392780</td>\n",
       "      <td>-0.258459</td>\n",
       "      <td>0.002540</td>\n",
       "      <td>0.387453</td>\n",
       "    </tr>\n",
       "    <tr>\n",
       "      <th>香り</th>\n",
       "      <td>0.396185</td>\n",
       "      <td>0.263447</td>\n",
       "      <td>-0.036995</td>\n",
       "      <td>0.391085</td>\n",
       "      <td>-0.004847</td>\n",
       "      <td>0.253238</td>\n",
       "      <td>-0.238571</td>\n",
       "      <td>1.000000</td>\n",
       "      <td>0.078099</td>\n",
       "      <td>0.178237</td>\n",
       "      <td>-0.133706</td>\n",
       "      <td>0.264381</td>\n",
       "      <td>-0.304214</td>\n",
       "      <td>0.314714</td>\n",
       "      <td>-0.334922</td>\n",
       "      <td>0.506756</td>\n",
       "      <td>0.053774</td>\n",
       "      <td>0.459152</td>\n",
       "      <td>0.137472</td>\n",
       "      <td>0.383724</td>\n",
       "    </tr>\n",
       "    <tr>\n",
       "      <th>華やか</th>\n",
       "      <td>0.036520</td>\n",
       "      <td>0.391611</td>\n",
       "      <td>0.252318</td>\n",
       "      <td>0.107980</td>\n",
       "      <td>-0.152933</td>\n",
       "      <td>0.171101</td>\n",
       "      <td>-0.023988</td>\n",
       "      <td>0.078099</td>\n",
       "      <td>1.000000</td>\n",
       "      <td>-0.246682</td>\n",
       "      <td>-0.022848</td>\n",
       "      <td>-0.441572</td>\n",
       "      <td>-0.284368</td>\n",
       "      <td>-0.067181</td>\n",
       "      <td>-0.102708</td>\n",
       "      <td>-0.139858</td>\n",
       "      <td>-0.501995</td>\n",
       "      <td>-0.056850</td>\n",
       "      <td>-0.442915</td>\n",
       "      <td>-0.167288</td>\n",
       "    </tr>\n",
       "    <tr>\n",
       "      <th>ジューシー</th>\n",
       "      <td>0.153069</td>\n",
       "      <td>0.056378</td>\n",
       "      <td>-0.399861</td>\n",
       "      <td>0.283284</td>\n",
       "      <td>-0.214314</td>\n",
       "      <td>-0.172539</td>\n",
       "      <td>0.239292</td>\n",
       "      <td>0.178237</td>\n",
       "      <td>-0.246682</td>\n",
       "      <td>1.000000</td>\n",
       "      <td>-0.379985</td>\n",
       "      <td>0.387087</td>\n",
       "      <td>-0.118314</td>\n",
       "      <td>-0.052728</td>\n",
       "      <td>-0.308454</td>\n",
       "      <td>0.368187</td>\n",
       "      <td>0.358333</td>\n",
       "      <td>-0.140665</td>\n",
       "      <td>0.234010</td>\n",
       "      <td>0.165189</td>\n",
       "    </tr>\n",
       "    <tr>\n",
       "      <th>熟成</th>\n",
       "      <td>-0.480768</td>\n",
       "      <td>-0.219087</td>\n",
       "      <td>0.017129</td>\n",
       "      <td>-0.194855</td>\n",
       "      <td>-0.237591</td>\n",
       "      <td>-0.241175</td>\n",
       "      <td>0.165233</td>\n",
       "      <td>-0.133706</td>\n",
       "      <td>-0.022848</td>\n",
       "      <td>-0.379985</td>\n",
       "      <td>1.000000</td>\n",
       "      <td>-0.186189</td>\n",
       "      <td>0.331466</td>\n",
       "      <td>0.143509</td>\n",
       "      <td>-0.085672</td>\n",
       "      <td>0.005719</td>\n",
       "      <td>-0.147562</td>\n",
       "      <td>-0.017401</td>\n",
       "      <td>-0.058932</td>\n",
       "      <td>0.292220</td>\n",
       "    </tr>\n",
       "    <tr>\n",
       "      <th>透明感</th>\n",
       "      <td>0.349353</td>\n",
       "      <td>-0.503148</td>\n",
       "      <td>-0.280591</td>\n",
       "      <td>0.327252</td>\n",
       "      <td>0.031978</td>\n",
       "      <td>0.002757</td>\n",
       "      <td>-0.136789</td>\n",
       "      <td>0.264381</td>\n",
       "      <td>-0.441572</td>\n",
       "      <td>0.387087</td>\n",
       "      <td>-0.186189</td>\n",
       "      <td>1.000000</td>\n",
       "      <td>0.001233</td>\n",
       "      <td>0.467680</td>\n",
       "      <td>-0.100813</td>\n",
       "      <td>0.293130</td>\n",
       "      <td>0.682938</td>\n",
       "      <td>-0.018612</td>\n",
       "      <td>0.303213</td>\n",
       "      <td>-0.026371</td>\n",
       "    </tr>\n",
       "    <tr>\n",
       "      <th>シャープ</th>\n",
       "      <td>-0.226502</td>\n",
       "      <td>-0.157019</td>\n",
       "      <td>0.098177</td>\n",
       "      <td>-0.565316</td>\n",
       "      <td>-0.444110</td>\n",
       "      <td>-0.346835</td>\n",
       "      <td>0.482829</td>\n",
       "      <td>-0.304214</td>\n",
       "      <td>-0.284368</td>\n",
       "      <td>-0.118314</td>\n",
       "      <td>0.331466</td>\n",
       "      <td>0.001233</td>\n",
       "      <td>1.000000</td>\n",
       "      <td>-0.175981</td>\n",
       "      <td>0.028104</td>\n",
       "      <td>-0.407615</td>\n",
       "      <td>-0.151030</td>\n",
       "      <td>-0.185116</td>\n",
       "      <td>0.108855</td>\n",
       "      <td>0.191434</td>\n",
       "    </tr>\n",
       "    <tr>\n",
       "      <th>力強い</th>\n",
       "      <td>-0.125332</td>\n",
       "      <td>-0.142363</td>\n",
       "      <td>-0.357342</td>\n",
       "      <td>-0.029381</td>\n",
       "      <td>0.188954</td>\n",
       "      <td>-0.127952</td>\n",
       "      <td>-0.010108</td>\n",
       "      <td>0.314714</td>\n",
       "      <td>-0.067181</td>\n",
       "      <td>-0.052728</td>\n",
       "      <td>0.143509</td>\n",
       "      <td>0.467680</td>\n",
       "      <td>-0.175981</td>\n",
       "      <td>1.000000</td>\n",
       "      <td>-0.112744</td>\n",
       "      <td>0.094123</td>\n",
       "      <td>-0.010567</td>\n",
       "      <td>-0.102014</td>\n",
       "      <td>-0.015907</td>\n",
       "      <td>0.142354</td>\n",
       "    </tr>\n",
       "    <tr>\n",
       "      <th>フレッシュ</th>\n",
       "      <td>-0.044131</td>\n",
       "      <td>-0.351313</td>\n",
       "      <td>0.435023</td>\n",
       "      <td>-0.104915</td>\n",
       "      <td>0.333638</td>\n",
       "      <td>0.010046</td>\n",
       "      <td>0.051193</td>\n",
       "      <td>-0.334922</td>\n",
       "      <td>-0.102708</td>\n",
       "      <td>-0.308454</td>\n",
       "      <td>-0.085672</td>\n",
       "      <td>-0.100813</td>\n",
       "      <td>0.028104</td>\n",
       "      <td>-0.112744</td>\n",
       "      <td>1.000000</td>\n",
       "      <td>-0.338185</td>\n",
       "      <td>0.001126</td>\n",
       "      <td>0.058737</td>\n",
       "      <td>-0.000231</td>\n",
       "      <td>-0.269407</td>\n",
       "    </tr>\n",
       "    <tr>\n",
       "      <th>渋み</th>\n",
       "      <td>0.144763</td>\n",
       "      <td>0.057171</td>\n",
       "      <td>-0.250036</td>\n",
       "      <td>0.462507</td>\n",
       "      <td>-0.032846</td>\n",
       "      <td>0.254601</td>\n",
       "      <td>-0.310509</td>\n",
       "      <td>0.506756</td>\n",
       "      <td>-0.139858</td>\n",
       "      <td>0.368187</td>\n",
       "      <td>0.005719</td>\n",
       "      <td>0.293130</td>\n",
       "      <td>-0.407615</td>\n",
       "      <td>0.094123</td>\n",
       "      <td>-0.338185</td>\n",
       "      <td>1.000000</td>\n",
       "      <td>0.467478</td>\n",
       "      <td>0.144387</td>\n",
       "      <td>-0.079106</td>\n",
       "      <td>0.284538</td>\n",
       "    </tr>\n",
       "    <tr>\n",
       "      <th>苦味</th>\n",
       "      <td>0.299368</td>\n",
       "      <td>-0.577313</td>\n",
       "      <td>-0.157667</td>\n",
       "      <td>0.464908</td>\n",
       "      <td>0.098744</td>\n",
       "      <td>0.177082</td>\n",
       "      <td>-0.392780</td>\n",
       "      <td>0.053774</td>\n",
       "      <td>-0.501995</td>\n",
       "      <td>0.358333</td>\n",
       "      <td>-0.147562</td>\n",
       "      <td>0.682938</td>\n",
       "      <td>-0.151030</td>\n",
       "      <td>-0.010567</td>\n",
       "      <td>0.001126</td>\n",
       "      <td>0.467478</td>\n",
       "      <td>1.000000</td>\n",
       "      <td>-0.050782</td>\n",
       "      <td>0.158307</td>\n",
       "      <td>-0.221714</td>\n",
       "    </tr>\n",
       "    <tr>\n",
       "      <th>樽</th>\n",
       "      <td>0.418677</td>\n",
       "      <td>0.166940</td>\n",
       "      <td>0.237439</td>\n",
       "      <td>0.348850</td>\n",
       "      <td>0.187347</td>\n",
       "      <td>0.336219</td>\n",
       "      <td>-0.258459</td>\n",
       "      <td>0.459152</td>\n",
       "      <td>-0.056850</td>\n",
       "      <td>-0.140665</td>\n",
       "      <td>-0.017401</td>\n",
       "      <td>-0.018612</td>\n",
       "      <td>-0.185116</td>\n",
       "      <td>-0.102014</td>\n",
       "      <td>0.058737</td>\n",
       "      <td>0.144387</td>\n",
       "      <td>-0.050782</td>\n",
       "      <td>1.000000</td>\n",
       "      <td>0.445594</td>\n",
       "      <td>0.328860</td>\n",
       "    </tr>\n",
       "    <tr>\n",
       "      <th>エキゾチック</th>\n",
       "      <td>0.395138</td>\n",
       "      <td>-0.059676</td>\n",
       "      <td>-0.055513</td>\n",
       "      <td>0.180115</td>\n",
       "      <td>-0.198266</td>\n",
       "      <td>-0.278627</td>\n",
       "      <td>0.002540</td>\n",
       "      <td>0.137472</td>\n",
       "      <td>-0.442915</td>\n",
       "      <td>0.234010</td>\n",
       "      <td>-0.058932</td>\n",
       "      <td>0.303213</td>\n",
       "      <td>0.108855</td>\n",
       "      <td>-0.015907</td>\n",
       "      <td>-0.000231</td>\n",
       "      <td>-0.079106</td>\n",
       "      <td>0.158307</td>\n",
       "      <td>0.445594</td>\n",
       "      <td>1.000000</td>\n",
       "      <td>0.252605</td>\n",
       "    </tr>\n",
       "    <tr>\n",
       "      <th>粘性</th>\n",
       "      <td>-0.150583</td>\n",
       "      <td>0.412494</td>\n",
       "      <td>-0.059879</td>\n",
       "      <td>-0.059608</td>\n",
       "      <td>-0.423697</td>\n",
       "      <td>-0.074659</td>\n",
       "      <td>0.387453</td>\n",
       "      <td>0.383724</td>\n",
       "      <td>-0.167288</td>\n",
       "      <td>0.165189</td>\n",
       "      <td>0.292220</td>\n",
       "      <td>-0.026371</td>\n",
       "      <td>0.191434</td>\n",
       "      <td>0.142354</td>\n",
       "      <td>-0.269407</td>\n",
       "      <td>0.284538</td>\n",
       "      <td>-0.221714</td>\n",
       "      <td>0.328860</td>\n",
       "      <td>0.252605</td>\n",
       "      <td>1.000000</td>\n",
       "    </tr>\n",
       "  </tbody>\n",
       "</table>\n",
       "</div>"
      ],
      "text/plain": [
       "              辛さ        重厚     スパイシー       果実味        コク        酸味      落ち着き  \\\n",
       "辛さ      1.000000  0.012452  0.230067  0.412535 -0.000600  0.241290 -0.479684   \n",
       "重厚      0.012452  1.000000  0.010092 -0.103822 -0.259852  0.067188  0.143617   \n",
       "スパイシー   0.230067  0.010092  1.000000 -0.179080  0.033073  0.123740 -0.199514   \n",
       "果実味     0.412535 -0.103822 -0.179080  1.000000  0.077956  0.507002 -0.395863   \n",
       "コク     -0.000600 -0.259852  0.033073  0.077956  1.000000  0.331904 -0.455831   \n",
       "酸味      0.241290  0.067188  0.123740  0.507002  0.331904  1.000000 -0.499521   \n",
       "落ち着き   -0.479684  0.143617 -0.199514 -0.395863 -0.455831 -0.499521  1.000000   \n",
       "香り      0.396185  0.263447 -0.036995  0.391085 -0.004847  0.253238 -0.238571   \n",
       "華やか     0.036520  0.391611  0.252318  0.107980 -0.152933  0.171101 -0.023988   \n",
       "ジューシー   0.153069  0.056378 -0.399861  0.283284 -0.214314 -0.172539  0.239292   \n",
       "熟成     -0.480768 -0.219087  0.017129 -0.194855 -0.237591 -0.241175  0.165233   \n",
       "透明感     0.349353 -0.503148 -0.280591  0.327252  0.031978  0.002757 -0.136789   \n",
       "シャープ   -0.226502 -0.157019  0.098177 -0.565316 -0.444110 -0.346835  0.482829   \n",
       "力強い    -0.125332 -0.142363 -0.357342 -0.029381  0.188954 -0.127952 -0.010108   \n",
       "フレッシュ  -0.044131 -0.351313  0.435023 -0.104915  0.333638  0.010046  0.051193   \n",
       "渋み      0.144763  0.057171 -0.250036  0.462507 -0.032846  0.254601 -0.310509   \n",
       "苦味      0.299368 -0.577313 -0.157667  0.464908  0.098744  0.177082 -0.392780   \n",
       "樽       0.418677  0.166940  0.237439  0.348850  0.187347  0.336219 -0.258459   \n",
       "エキゾチック  0.395138 -0.059676 -0.055513  0.180115 -0.198266 -0.278627  0.002540   \n",
       "粘性     -0.150583  0.412494 -0.059879 -0.059608 -0.423697 -0.074659  0.387453   \n",
       "\n",
       "              香り       華やか     ジューシー        熟成       透明感      シャープ       力強い  \\\n",
       "辛さ      0.396185  0.036520  0.153069 -0.480768  0.349353 -0.226502 -0.125332   \n",
       "重厚      0.263447  0.391611  0.056378 -0.219087 -0.503148 -0.157019 -0.142363   \n",
       "スパイシー  -0.036995  0.252318 -0.399861  0.017129 -0.280591  0.098177 -0.357342   \n",
       "果実味     0.391085  0.107980  0.283284 -0.194855  0.327252 -0.565316 -0.029381   \n",
       "コク     -0.004847 -0.152933 -0.214314 -0.237591  0.031978 -0.444110  0.188954   \n",
       "酸味      0.253238  0.171101 -0.172539 -0.241175  0.002757 -0.346835 -0.127952   \n",
       "落ち着き   -0.238571 -0.023988  0.239292  0.165233 -0.136789  0.482829 -0.010108   \n",
       "香り      1.000000  0.078099  0.178237 -0.133706  0.264381 -0.304214  0.314714   \n",
       "華やか     0.078099  1.000000 -0.246682 -0.022848 -0.441572 -0.284368 -0.067181   \n",
       "ジューシー   0.178237 -0.246682  1.000000 -0.379985  0.387087 -0.118314 -0.052728   \n",
       "熟成     -0.133706 -0.022848 -0.379985  1.000000 -0.186189  0.331466  0.143509   \n",
       "透明感     0.264381 -0.441572  0.387087 -0.186189  1.000000  0.001233  0.467680   \n",
       "シャープ   -0.304214 -0.284368 -0.118314  0.331466  0.001233  1.000000 -0.175981   \n",
       "力強い     0.314714 -0.067181 -0.052728  0.143509  0.467680 -0.175981  1.000000   \n",
       "フレッシュ  -0.334922 -0.102708 -0.308454 -0.085672 -0.100813  0.028104 -0.112744   \n",
       "渋み      0.506756 -0.139858  0.368187  0.005719  0.293130 -0.407615  0.094123   \n",
       "苦味      0.053774 -0.501995  0.358333 -0.147562  0.682938 -0.151030 -0.010567   \n",
       "樽       0.459152 -0.056850 -0.140665 -0.017401 -0.018612 -0.185116 -0.102014   \n",
       "エキゾチック  0.137472 -0.442915  0.234010 -0.058932  0.303213  0.108855 -0.015907   \n",
       "粘性      0.383724 -0.167288  0.165189  0.292220 -0.026371  0.191434  0.142354   \n",
       "\n",
       "           フレッシュ        渋み        苦味         樽    エキゾチック        粘性  \n",
       "辛さ     -0.044131  0.144763  0.299368  0.418677  0.395138 -0.150583  \n",
       "重厚     -0.351313  0.057171 -0.577313  0.166940 -0.059676  0.412494  \n",
       "スパイシー   0.435023 -0.250036 -0.157667  0.237439 -0.055513 -0.059879  \n",
       "果実味    -0.104915  0.462507  0.464908  0.348850  0.180115 -0.059608  \n",
       "コク      0.333638 -0.032846  0.098744  0.187347 -0.198266 -0.423697  \n",
       "酸味      0.010046  0.254601  0.177082  0.336219 -0.278627 -0.074659  \n",
       "落ち着き    0.051193 -0.310509 -0.392780 -0.258459  0.002540  0.387453  \n",
       "香り     -0.334922  0.506756  0.053774  0.459152  0.137472  0.383724  \n",
       "華やか    -0.102708 -0.139858 -0.501995 -0.056850 -0.442915 -0.167288  \n",
       "ジューシー  -0.308454  0.368187  0.358333 -0.140665  0.234010  0.165189  \n",
       "熟成     -0.085672  0.005719 -0.147562 -0.017401 -0.058932  0.292220  \n",
       "透明感    -0.100813  0.293130  0.682938 -0.018612  0.303213 -0.026371  \n",
       "シャープ    0.028104 -0.407615 -0.151030 -0.185116  0.108855  0.191434  \n",
       "力強い    -0.112744  0.094123 -0.010567 -0.102014 -0.015907  0.142354  \n",
       "フレッシュ   1.000000 -0.338185  0.001126  0.058737 -0.000231 -0.269407  \n",
       "渋み     -0.338185  1.000000  0.467478  0.144387 -0.079106  0.284538  \n",
       "苦味      0.001126  0.467478  1.000000 -0.050782  0.158307 -0.221714  \n",
       "樽       0.058737  0.144387 -0.050782  1.000000  0.445594  0.328860  \n",
       "エキゾチック -0.000231 -0.079106  0.158307  0.445594  1.000000  0.252605  \n",
       "粘性     -0.269407  0.284538 -0.221714  0.328860  0.252605  1.000000  "
      ]
     },
     "execution_count": 78,
     "metadata": {},
     "output_type": "execute_result"
    }
   ],
   "source": [
    "df.corr()"
   ]
  },
  {
   "cell_type": "markdown",
   "metadata": {},
   "source": [
    "### 下記の二つの視点からワインをリストアップ\n",
    "\n",
    "##### １）経験の有無\n",
    "\n",
    "ワインを初めて飲む人は軽くて苦味の少ないものを好むが、よく飲むようになると重いものや苦いものを好む傾向があるため、相関の高い「重厚」、「苦味」でワインを揃えることを提案。\n",
    "\n",
    "##### ２）好みの幅\n",
    "\n",
    "ワインの好みに対しては人それぞれなので相関の低い「華やか」、「落ち着き」を特徴として幅広い種類を提案。"
   ]
  },
  {
   "cell_type": "markdown",
   "metadata": {},
   "source": [
    "#### １）経験の有無について\n",
    "\n",
    "散布図の確認"
   ]
  },
  {
   "cell_type": "code",
   "execution_count": 104,
   "metadata": {},
   "outputs": [
    {
     "data": {
      "image/png": "iVBORw0KGgoAAAANSUhEUgAAAUUAAAEyCAYAAABtU8IkAAAABHNCSVQICAgIfAhkiAAAAAlwSFlz\nAAALEgAACxIB0t1+/AAAIABJREFUeJzt3X9sHOd5J/Dvs0uKJkUBOlciTSlEbCvbAEpdBzDhVoD/\nIK9J7BgHuCmcOC1QGG1aFW1SXJoeYBW5Irn6gqRG21Rok6KuLqiBg0sHDnwxUl+COC2RCmDqSIAs\nxWp5opT4ZNEuZTgsuBJDcblP/9hdebSaXzvzvjPvzHw/gGGRy92Z5XK/O+/7Pu/7iqqCiIg6anmf\nABGRSxiKREQeDEUiIg+GIhGRB0ORiMiDoUhE5MFQJCLyYCgSEXkwFImIPIbyPgGvPXv26O233279\nOFeuXMHOnTutH8clfM7VwOfs7+TJk2+q6t44j+dUKN5+++04ceKE9eMsLCxgdnbW+nFcwudcDXzO\n/kTk1biPx+YzEZEHQ5GIyIOhSETkwVAkIvJgKBIReTAUiYg8GIpERB5O1SlScq3WOlZXn8HGxjmM\njjYwMfEIhoZ25X1aRIXDUCyBtbXjOHPmQai20W5fQa22E+fPfwp33fUCdu++L+/TIyoUNp8LrtVa\nx5kzD2J7ex3t9hUAQLt9Bdvbne+3Ws2cz5CoWBiKBbe6+gxU2763qbZx+fIzGZ8RUbExFAtuY+Pc\n9SvEfu32FVy9upzxGREVG0Ox4EZHG6jV/FcIqdV2YmzsXRmfEVGxMRQLbmLiEYj4v4wiNezd+0jG\nZ0RUbAzFghsa2oW77noB9fqu61eMtdpO1Oud7w8Njed8hkTFwpKcEti9+z4cOrSCy5efwdWryxgb\nexf27n2EgUiUgJFQFJGvAPgvAFZV9We637sVwDMAbgfwIwAfUdUfmzge3WxoaBxTUx/L+zSICs9U\n8/lvATzQ970jAL6jqg0A3+l+TUTkNCOhqKrfBfBW37cfAvBU999PAfhFE8ciIrJJVNXMA4ncDuAb\nnubzmqru7v5bAPy493Xf/Q4DOAwAk5OT98zPzxs5nzDNZhPj42Xrb2tja+sttNubqNVGMDx8K7yf\nef7POfw+RVfO1zkcn7O/ubm5k6o6E+fxMhloUVUVEd/0VdUnATwJADMzM5rFpjtl29ynN/e5Vnt7\n7rNI7Ya5z/3POc59iq5sr3McfM7p2bws+DcRmQKA7v9XLR6rspLMfeZ8aaJgNkPxeQCPdv/9KICv\nWzxWZSWZ+8z50kTBjISiiPwdgEUA7xaR10TkYwC+AOD9InIOwPu6X5NhSeY+c740UTAjfYqq+ssB\nN/2CicenYL25z34hFzT3Ocl9iKqiPEONFZVk7jPnSxMFYygWXJK5z5wvTRSMc59LIMncZ86XJvLH\nUDQk742jksx95nxpopsxFA0wsXFU3qFKRB0MxZS8hdA9vVHdM2cexKFDK5FNUu7GR+QODrSklLYQ\n2tbsklZrHSsrx3D+/GNYWTkGwP8ciehGvFIMEadJm7YQOk6oDtrv53fl2Ww+jrW1HbzyJIrAUAwQ\nt0mbthDa9OyS4OZ8O3ZznqjK2Hz2MUiTNm0htOnd+DivmSgdhqKPQYIlbSG06dklnNdMlA6bzz4G\nDZY0hdC9UO1vqvfWNhy0qVu0ec0sRSLXMBR9JAmWNIXQSUI1KEwmJh7B+fOf8r2Pa/Oai1aKxACv\nBoaijzyCZZBQjQoTvytPINmVpy0m6juzVLQAp+TYp+jD5QUT4gwC9a48G42jmJ4+gkbjKMbH73bq\nzVukASGuVF4tvFIM4OqCCXHrGvuvPJeWFjI6w3iKNCBko5aU3MVQDOHigglFCpMwRRoQKsvvnOJh\n87lgTNc15qVIC92W5XdO8TAUC6ZIYRLG5X7bfmX5nVM8bD4XjOm6xjy52m/br0y/c4rGUCwgl8Nk\n0Fo+F/tt/bj8OyezGIoF1B88e/d+xIk3Z9lr+YoS4JQOQ7FgXAyeVmsdb7zxFM6f/32oXrv+fZeL\nsYmCcKClQFwsIl5bO47Fxf03BaKXa8XYRGEYigXi2iwQb0gHBSLAWj4qFoZigbhWRBwW0l6s5aMi\nYZ9igbg2CyQspL3i1vJxFRpyAUMxpSzfyElW7+md3+bmKFZWjg10fmHPrdVax7Vrb6DzJ9QKOKcR\n1Go7YtXyuTiARNXEUEwh6zfyoEXE3vPb2vofWF7+TOzzC3tuALq3bSMoEIFhHDjwp7jttkcjA7Fo\ny4hRuTEUE8rrjRy3iDjN+YXd9/TpD0IE2N72H+kWGUOtVh/og4Gr0JBLGIoJ5flGjlNEnOb8wu97\nDarie5vIMCYmPoxG4y8H+kBwbQCJqo2jzwm5/kZOc35h9+2E4mbAbVvYsWMq8b4yfjhyTVljKCbk\n+hs5zfmF3VdkB0RGEj1uEK5CQy5hKCbk+hs5zfmF33cHarXhRI8bpEjLiFH5sU8xIdeXk+o/PwCx\nzy/quQEw/ry5Cg25gqGYgutvZO/5nT59CxqNo7HPL+q52XjeXIWGXMBQTMn1N3Lv/JaWFjA1NZvo\nvoPeRlRk7FMkIvJgKBIReTAUiYg8GIpERB4MRSIiD44+U2xc75CqgKFIkVqtdbz66v/Ea6/9OQCB\n6ibXO6TSYihSqLW14zh9+oNot29cKozrHVJZsU+RAvXWVewPRC/u1EdlwytFChRnYyoXlknLA/tX\ny4uhSIHibEzlwjJpWeN+MuVmvfksIj8SkTMickpETtg+HpkTtq5ijwvLpGXJu1VD7wOj3b6C7e3O\n91ut4K4GKoas+hTnVPW9qjqT0fHIgLB1FQGgXh93Ypm0LMXZ5oGKjQMtFMhv8VeRHQCGMT39GA4d\ner1yzUXXt6Gg9ERV7R5A5IcA/h3ANoC/VtUn+24/DOAwAExOTt4zPz9v9XwAoNlsYny8Olc3QNrn\n3MbW1ltotzdRq41gePhWmPs8tffYNl7nra03sbl5EYDf1WINIyPTGB7eY/SYg+Dftr+5ubmTcVuq\nWYTiflW9JCITAL4N4HdV9bt+PzszM6MnTtjvdlxYWMDs7Kz147jExefsN2DRW8F70CtQv9Hg48dP\nGn/OrdY6Fhf337D9q9ddd30LP/VTHzB6zEG4+DrbFuc5i0jsULQ++qyql7r/XxWR5wDcC8A3FKk6\nTO6bHTQavL39tPHzHhrahYMHn8WZM/f73n727MOlLmavQimS1VAUkZ0Aaqq63v33BwD8kc1jUnJZ\n/sGb2jc7LFw3Ns6h1WoaD6jNzf8PkTGoXr3pNtt7fuepKqVItq8UJwE8JyK9Yz2tqt+0fExKIOs/\neFMDFlEF5jYCamPjnG8gAuUdbDF5Ze86q6PPqnpBVe/u/vceVf2czeNRMnnU3pnaNzu8wLxtJaBc\n3/PbhiqVIrEkh3L5gze1b3Z4gXnNSkC5vue3DVUqRWIoUi5/8H41kLXaTtTruwYqCI8qMLcRUKbO\nvUiqdHXMuc90/Q/eLxht/sGb2De7F1B+pT2jow1rAeX6nt+mTUw8gvPnP+V7W9mujhmKlOsfvIn9\no4MC6vhxuzWvVdr7OuzDp2xXxwxFKsUfvOsBVYb6vqpcHTMUCUB1/uCz4g1BALh06csAtPD1fa5/\n+JjAUKTrqvAHn4X+ms9+Za3vKwuOPhMZ5FfzGaRs9X1lwStFh5WhH6pq4mzh0FO2+r6yYCg6qirz\nTE3x+wDJQ5wtHHrKVt9XFgxFB1VpnqkJWa6SEyWs5rNf2er7yoJ9ig6q0jzTtMLmbfdWyclS1Awb\noPyzX4qOV4oOqtI807TyWCUnTHDNp2Dfvo8DEJY7OY6h6KC8pt0VUR6r5ERhzWexMRQdVKV5pmmF\n9+HZWSUnDtZ8Fhf7FB1UxVVYkspjlRwqN14pOopNsHiC+vAAwfDwBF599XHWeNJAGIoOs9UEK1tR\neP8HCKBYWfkStrZWcfHiE6zxpIEwFCumrEXhvQ+Qt7cgbaK3N3OaGs+yfYBQNIZihdguCnchQEzt\nEgiU9wOEwjEUK8RkYPRzJUBM1XhyVlF1cfS5QmwVheexG2AQU3uJcFZRdTEUK8TW5kMuBYipnfY4\nq6i6GIoVYmtrTpcCxFvj2fvz7tV4Hjz4LFZX53H+/GNYWTmGVms98HGqtHsd3Yh9iiFcGDgwydZe\nLK5NS+yV6PzjP34T09NHMDb2LuzYMY2zZx+O3efJWUXVxVAM4MrAgWlJisKjPhxcDJChoXEMD+/B\ngQOf95TpxB80KcNmXpQMQ9FH2UceBykKj/PhYDNATFytJx1156yiamIo+rBZulIkg3w47N59H+69\ndwkXLhzB1atLGBt7N+688wsYGZlKfHxTV+tp+jy5sEP1cKDFh0sDB3kaZFR5be04Xnrp3bh8+WtY\nX/9nXL78Nbz00ruxtnY80bHDynxefvn92Nx8PfZjcdCEBsFQ9ME3UUfcDwcbdYrhgfwTfO97d8QO\nXFuj7lRODEUffBN1hH04iOzAlSunsLJyDG+88ZTxOsWoDaBUN2MHLpdio0GwT9EHRx47wkaVVa/h\nrbe+ibW1f4LqFlSv+f5c0u6GOBtADdK/W8RBk7KVhBUFQzFAEd9Epvl9OPSL2rUuaXdDWCB7jz1I\n4BZp0KSsJWFFwFAMUaQ3kS3eD4fV1a9hbe0foLoZ+/5Juxt6gfzyy++H6k98f6ZW24lbbnkHVlaO\nlepqquwlYa5jnyJF6n04jI/fFRGIw0b77Hbvvg8///MXIDIS8BNtXLhwBMvLn8TFi09gefmTWFzc\nn3jE2xUuzSWvIl4pUmxR0/nuvPOPUa/fYrS7YWRkCnff/aLvdgNAu7uYbEf/1VRRsSQsXwxFii1q\nOt9ttz1qpVnn17+7vb2BCxeO+P7821dTB4yfSxZcm0teNWw+U2x5lrb0mvAHDnweU1Mfw+bmxdRX\nU63WOlZWjsVaNSdLLAnLF68UDShG6UTbyICEK6Py4VdTY7h2bQWbm5ewsnLM97m6PLrLkrB8MRRT\ncuHNFRXKa2vH0Wy+jOXlPzRyji6Myoc15dvtq1hdfRZbWz+L5eXP3PRcizC668qHTxWx+ZyCC8vw\nr60dx+Li/sAR2N45Au3cztEG/6b82PXbVa8C8H+uRRnd7e8yYCBmg6GYQt5vrjihnPc52tS7mmo0\njmJ6+gj27n0YImO+P+t9rhzdpTBsPqeQ95srTuDlfY62eZvy588/dv0KsZ/3uRZ1dLcYfdfFx1BM\nIe83V5zAq9KKP3FfDxdXCo/iQt913rL6UGDzOYW8SyfiBF7e55iluM+1aKvmuNB3nbeovnOTGIop\n5P3mihMCvXMEaoUIgDQGeT36+yMbjaM4dGjFyauuMvcLxxH1oQD4/26SYvM5pTxLJ+LWs+3efR/G\nx6+h0TjqVHmHjeaQ9/U4ffoWNBpHA5+rC6VFcZS9XzhK1IfC1tZbRo9nPRRF5AEARwHUARxT1S/Y\nPmbW8nxzxQ/lmlMBYLOPrPd6LC0tYGpq1swJ5yjvvuu8RX0otNvxV22Kw2ooikgdwJcAvB/AawC+\nLyLPq+pZm8etmqJc8fQUoXjaJUUcGDIp6kOhVgtaRSkZ232K9wJYVtUL2lmaeR7AQ5aPSY6reh/Z\noPLuu85bVN/58PCtRo9nu/m8H8BFz9evAfg5y8ekmPKqe6t6H1kSVZ72F9V3fupUy+jxRFWNPuAN\nDy7yMIAHVPU3ul//KoCfU9VPeH7mMIDDADA5OXnP/Py8tfPpaTabGB8v/x+TV/9z3t5uYmPjXPer\nNnqNhtHRBup1u7+bra03sbl5Ef6jhjWMjExjeHhP6uPwdS6bzqBKu72JWm2ke4VYi/Wc5+bmTqrq\nTJyj2L5SvARg2vP1O7rfu05VnwTwJADMzMzo7Oys5VMCFhYWkMVxXOJ9zq3WOhYX96Nev3mprHp9\nl/U+vd7xvX2KNo6f9+ucx5V43s85D6afs+1Q/D6AhojcgU4YfhTAr1g+JkWI06dnc+DGxaWxTAcY\nZ6AUl9VQVNWWiHwCwLfQKcn5iqq+YvOYFM2FPj2X+shMBxhH14vNep2iqr4A4AXbx6H4XKl7c6GU\nyEaA5X0lTulwml/JxFliv0rzoaPYKA9y4UqckuM0vxIJawZ6udinlwW/fkMbAebKlbgtZV/CjKFY\nElHNQOD/3PDzLvXpZSHoA2Pfvt82HmBlnoFShQEkhmJJJJk070KfXhbCPjAuXfoyRMT3fkkDrKxX\n4lUZQGIolkTWk+aLJOwDA1Ds2/cJrKx82WiAlfFKvCoDSAzFksh60nyRRH1gAGIlwMp2JV6VASSG\nYklE9WOZnjTvov4BAOBOAHEHPhSdKa/t7v/tTX8tqrIPIPUwFEsi60nzrvEbAGg2H8fa2o7ID4wd\nO6axuLi/1IMHJpR5AMmLdYolUqQl9k0KWq4eaHdH3iVw6a2DB5/F2bMPV3r/k7iqsoQZrxRLpmz9\nWHHEHQDw6zdcXZ2vxOCBKWUcQOrHUKTCizsA4PeBUZXBA5PK/sHL5jMVXpq9rau0LzbFw1Ckwksz\nlzvLeeBx5qVT/th8psILGnkHoguws5p94j897vewb9/vAEBuc4jLPo85CYYilYLfAMDS0h2xRt5t\nDx6ETY+7ePEJAMilDKgK85iTYChSafQPACwtLSS+r0nh0ww7sp5DXJV5zEmwT5HIsrAR7n5ZbfHK\nbWaD8UqRyLKw6XH9TJQBxeknZClSMIYikWVh0+P6pS0D2t5uxpqyWJV5zEmw+Uxkmd/0uCBpyoBa\nrXVsbJyLNWWRW1IEYygSZaB/Xvr09GOo1caNziFeXQ3uB+zvJ6zKPOYk2Hwmykj/CPc73/nfjZYB\nbWycAzDhe5tfP2EV5jEnwVAkyonpMqDOGpL+s2SC+gnLPo85CYZiwXFGAvVMTDwC4JjvbVXvJxwE\nQ9FhUYHHGQnkNTS0C6OjDdTru0q1YVbWGIqOigo8zkggP/X6OPsJU2IoWpKmWRsn8KqysxoNjv2E\n6TAULUjbrI0TeJyRQGQH6xQNC9ovZJA9P+IEHhdHJbKDoWiYiYn2cQKPMxKI7GAoGnblyiupm7Vx\nAo8zEtzBFbXLhX2KBq2tHcfKyl8F3h63WRt3NWjOSMgfy6LKh6FoSK8vUXUz8GcGadbGDTyONOaH\nZVHlxFA0JGp15VrtloGbtQw8t7lZFtXGysqxG0rBAHDW0wAYioZEra48NfU7bE6VjAtlUd56WABo\nNm/D8vIfXm/KLy//VwAKoMbmfUwMRUOiFu0cHz+Yw1mRTXkv1Nrfn9nxJzeUgvVj8z4aR58NCRsx\nBoQlMiWUZ1mUXz3sIKq+D0sYhqIhvRHjWm3U59Y2ms1TmZ8T2ZVnWVScHQLDcNZTMDafDRofvxsi\n9Zu+325fZXOlpPIqixpkh0A/Jpv3ZVu+jqFoUOfTW31v4yIN5ZVHlcAgOwT6MdW8L2OdJpvPBrkw\nGknxFXkmSngfdketthO12hhqtVErzXsT8/xdxCtFg/IejaT4bF7hZNGcDJr1BNQwPf0YALnelAdg\npXnvZp1megxFg8L29+UiDe6wORMly+akX3/m0tIdOHDgP9/0szbCqawtIzafDaryIg1FaoqaWMnI\nTx7NyV5/5oEDn+8GX3Zv6bIuX8crRcOquEhD0TrbbV3hlLU5GaSsLSOGogVVmrNcxEURbPX92gpb\nV0te4q7mVDQMRUqliFdHtq5wbISt61fhZWwZsU+RUiliZ7utvl/T0/6KUvLS369Z5EAELIaiiHxW\nRC6JyKnufw/aOhblp6id7b0rnEbjKKanj6DROIpDh1ZSXX2ZDltbA0IUznbz+Yuq+ieWj0E5KnJn\nu42+X5PNySJehZcB+xQplbJ2tqdhKmw5GSAfEjRXN/UDi3wWwK8B+HcAJwD8vqr+2OfnDgM4DACT\nk5P3zM/PWzkfr2azifHxar1Z7T/nNra23kK7vYlabQTDw7ci7y7r4r/ObTSbLwPwa0LXMD5+N/p/\nx8V/zoOL85zn5uZOqupMnMdLFYoi8iKA23xu+jSA7wF4E51lfx8HMKWqvx72eDMzM3rixInE5xPX\nwsICZmdnrR/HJXzOxeQ3+ty7Cvfr/yzDcx5UnOcsIrFDMVXzWVXfF+fnRORvAHwjzbGITHG17s9P\nGUteXGetT1FEplT19e6XHwLwA1vHIorL9bo/P1WaDOACm50+T4jIGRE5DWAOwO9ZPBZRpKLU/VG+\nrF0pquqv2npsoiTymH1TpKZ61lz93bAkh5xn6s2Tdd1fXk11V8PGy+VujMKGYhFeeErP5Jsny7q/\nvBbK2N5uYnFxv5Nh0+P6IiKFnPu8tnYci4v7sbz8SVy8+ASWlz+JxcX9WFs7nvepkUGm+wCz3JI0\njyl6rdY6NjbOOd9n6vr0xcKFIjvLq8P0myfLRYCTNNXTLtS7uhr8+3AhbHpcn75YuOZzEZeqomRs\nvHmyqvsbtKluoptgY+McgAnf21wImx7Xpy8W7krR9U8ZMsfWCjxZLHU1SFPdVOtndLSBoLe0C2HT\nk2U3RhKFC8WiLlVFg3P9zRNmkKa6qW6CiYng34dLvy/X9zIqXPO5yEtV0WCKvgJP3Ka6qdbP0NAu\njI42UK/vcv735fL0xcKFYtHfKDQYl988ccSZomeyj61eHy/M78vV6YuFC0Wg+G8UGoyrbx5TTLd+\nyv77sq2QoQjwhafyMN364cSGdAobikRlYqr1U4QZLa5jKBI5YpDWj9/VINAZtKnX3Zw+VxQMRaKC\nCSr03rfvt+G/ED4nNgyCoUiUQtb9d2GLKVy8+EUAn/e9Hyc2xMdQJEooj+Wvwgq9RQSA+N7GiQ3x\nFW5GC5EL8lqYJKzQW/Va4P04sSE+hiJRAnktfxU1zXV4eNLZ6XNFweYzUQJ5LUwSVeg9MjKV+cSG\nstVFMhSJEshr+auoQu9Tp1qZTmxweVuBpBiKRAnkuTBJeKH3grXj9nN9W4Gk2KdIlMCNy1+NAQBE\nhiFyCw4efDaD5uo8rl79fxgdPYC9ez+SS/i4vq1AUgxFooR2774PBw8+C9VtAENQ3QJQw9mzD1vb\nL8il/YnKuuAzQ5EooVZrHWfPPgzVTQAtAIDqVWtlOa7tT1TWBZ8ZikQJZd18dK25WuSV0cMwFIkS\nyrr56Fpz1fVtBZLi6DNRQlmX5bi4C14ZF3zmlSJRQlk3H11trmaxO2KWGIpECWXdfHShudpqrWNl\n5RjOn38MKyvH0GqtR9+pYNh8Jkoh6+Zjns3VMs5e8cNQJEop6/2C8tifqKyzV/yw+UxEkVwrB7KJ\noUhEkVwrB7KJoUhEkco6e8UPQ5GIIrlaDmQDQ5GIIrlQDpQVjj4TRSjbytJJlXH2ih+GIlGIqtTm\nxZVHOVDW2HwmCuDaUl2UDYYiUYAq1ebR2xiKRAGqVJtHb2OfIlEAF5fqKhsXB7EYikQB8tyxz2Wm\ngszVQSyGIlGAqD2Wy1aKEoepIHN5gQmGIlGIqtTmxWEyyOIMYuVV+sNQJIpQhdo8P/3N5Hb7J8aC\nzOVBLIYiUUH59e2Z4tdMVt2C6jXfnx80yFwexGIoEhVQUN/e9vbTqR87rJkcZNAgc3kQK1Wdooh8\nWEReEZG2iMz03fYHIrIsIksicn+60ySinrCZNhsb51LPtAnr7wsyaJC5vMBE2ivFHwD4JQB/7f2m\niBwE8FEA7wGwD8CLIvLTqrqd8nhElRcVWmkHKcL6+zqGUavtSD0a7+ogVqpQVNV/AQAR6b/pIQDz\nqroJ4IcisgzgXgCLaY5HRFGh1U49SBHV33fnnX+Mev0WI0Hm4iCWqGr6BxFZAPDfVPVE9+u/BPA9\nVf3f3a//F4D/q6rP+tz3MIDDADA5OXnP/Px86vOJ0mw2MT5erZIKPufy2Np6E5ubFwHcfLW4vT2N\nsbEahof3pDhCG83my76PD9QwPn43XJohHOd1npubO6mqM6E/1BV5pSgiLwK4zeemT6vq1+McJIyq\nPgngSQCYmZnR2dnZtA8ZaWFhAVkcxyV8zuXRaq1jcXH/DQMhPc3mn2Fu7jdTN0HX1nYEFq27tmSa\n6dc5MhRV9X0JHvcSgGnP1+/ofo+IUgqbaTM62jDSJ+dqf18WbJXkPA/gaRH5M3QGWhoAXrJ0LKLK\nCQqt48dPGDuGi/19WUgViiLyIQB/AWAvgL8XkVOqer+qviIiXwVwFkALwMc58kxkVlVDy7a0o8/P\nAXgu4LbPAfhcmscnomy5uJRX1jijhahkkgabq0t5ZY2hSFQgUYG3vd3E4uL+gYMtz6W8XLs6ZSgS\nFUTUlVyr1ZnmV68PHmx5LeXl4tWpOxWYRBQozs6Cq6vBG2lFbbSVx1Jeru6WyFAkKoA4V3IbG+fg\nPwslOth6U/v82FrKy9XdEhmKRAUQ50pudLSBoLd0VLBNTDwCEf/72lrKy9WFZhmKRAUQ50oubJHZ\nqGDLYymvPK5O4+BAC1EBxFmUdWhoHKOjDdTruxJttJX11D5XF5plKBIVQNydBev18VTBluUsGVd3\nS2QoEhVE3Cu5Ik3/c3HhCYYiUYEUKfDicu05caCFiMiDoUhE5MFQJCLyYCgSEXkwFImIPBiKREQe\nDEUiIg8j+z6bIiKXAbyawaH2AHgzg+O4hM+5Gvic/b1TVffGeTCnQjErInIi7sbYZcHnXA18zumx\n+UxE5MFQJCLyqGooPpn3CeSAz7ka+JxTqmSfIhFRkKpeKRIR+WIoEhF5VCYUReTDIvKKiLRFZKbv\ntj8QkWURWRKR+/M6R9tE5LMicklETnX/ezDvc7JBRB7ovpbLInIk7/PJioj8SETOdF/bE3mfjw0i\n8hURWRWRH3i+d6uIfFtEznX//5/SHKMyoQjgBwB+CcB3vd8UkYMAPgrgPQAeAPBlEalnf3qZ+aKq\nvrf73wt5n4xp3dfuSwA+COAggF/uvsZVMdd9bctaq/i36LxPvY4A+I6qNgB8p/t1YpUJRVX9F1Vd\n8rnpIQDzqrqpqj8EsAzg3mzPjgy6F8Cyql5Q1WsA5tF5jakEVPW7AN7q+/ZDAJ7q/vspAL+Y5hiV\nCcUQ+wFc9Hz9Wvd7ZfW7InK62wxJ1cxwVNVeTy8F8KKInBSRw3mfTIYmVfX17r/fADCZ5sFKtUeL\niLwI4DbDDsTiAAABZklEQVSfmz6tql/P+nzyEPY7APBXAB5H583zOIA/BfDr2Z0dWXafql4SkQkA\n3xaRf+1eWVWGqqqIpKozLFUoqur7EtztEoBpz9fv6H6vkOL+DkTkbwB8w/Lp5KFUr+cgVPVS9/+r\nIvIcOl0JVQjFfxORKVV9XUSmAKymeTA2n4HnAXxUREZE5A4ADQAv5XxOVnT/YHo+hM7gU9l8H0BD\nRO4QkR3oDKI9n/M5WSciO0VkV+/fAD6Acr6+fp4H8Gj3348CSNUqLNWVYhgR+RCAvwCwF8Dfi8gp\nVb1fVV8Rka8COAugBeDjqrqd57la9ISIvBed5vOPAPxWvqdjnqq2ROQTAL4FoA7gK6r6Ss6nlYVJ\nAM+JCNB5Xz+tqt/M95TME5G/AzALYI+IvAbgMwC+AOCrIvIxdJYe/EiqY3CaHxHR29h8JiLyYCgS\nEXkwFImIPBiKREQeDEUiIg+GIhGRB0ORiMjjPwCdfhO0i+2iIAAAAABJRU5ErkJggg==\n",
      "text/plain": [
       "<matplotlib.figure.Figure at 0x11b33bef0>"
      ]
     },
     "metadata": {},
     "output_type": "display_data"
    }
   ],
   "source": [
    "x_1 = df[\"重厚\"]\n",
    "y_1 = df[\"苦味\"]\n",
    "\n",
    "import matplotlib.pyplot as plt\n",
    "\n",
    "plt.figure(figsize = (5,5))\n",
    "plt.scatter(x_1, y_1, c = 'y',marker = 'o', s = 50)\n",
    "plt.grid()\n",
    "plt.show()"
   ]
  },
  {
   "cell_type": "code",
   "execution_count": 105,
   "metadata": {
    "collapsed": true
   },
   "outputs": [],
   "source": [
    "wine_1 = pd.concat([x_1, y_1], axis=1)"
   ]
  },
  {
   "cell_type": "markdown",
   "metadata": {},
   "source": [
    "エルボー法でクラスタ数を確認"
   ]
  },
  {
   "cell_type": "code",
   "execution_count": 106,
   "metadata": {},
   "outputs": [
    {
     "data": {
